5.0000000000e-02 7.7168989953e-06 9.0296640199e-07 1.1023244840e+00 4.5251870378e-01
5.2380787639e-02 7.6895750261e-06 8.7553865795e-07 1.1019510549e+00 4.3324289774e-01
5.4874938275e-02 7.6639468437e-06 8.4839186399e-07 1.1015501546e+00 4.1488251822e-01
5.7487849770e-02 7.6399313873e-06 8.2161693812e-07 1.1011205066e+00 3.9739546802e-01
6.0225177013e-02 7.6174423388e-06 7.9529235271e-07 1.1006608113e+00 3.8074119750e-01
6.3092844153e-02 7.5963928384e-06 7.6948528686e-07 1.1001700828e+00 3.6488124124e-01
6.6097057423e-02 7.5766944910e-06 7.4425135215e-07 1.0996471209e+00 3.4977812840e-01
6.9244318570e-02 7.5582605874e-06 7.1963624174e-07 1.0990910833e+00 3.3539629235e-01
7.2541438925e-02 7.5410057434e-06 6.9567600782e-07 1.0985011872e+00 3.2170144761e-01
7.5995554148e-02 7.5248470615e-06 6.7239808452e-07 1.0978768349e+00 3.0866072969e-01
7.9614139667e-02 7.5097039581e-06 6.4982174741e-07 1.0972174197e+00 2.9624231829e-01
8.3405026860e-02 7.4955005252e-06 6.2795980213e-07 1.0965228802e+00 2.8441618108e-01
8.7376420000e-02 7.4821633864e-06 6.0681829736e-07 1.0957929897e+00 2.7315302288e-01
9.1536914015e-02 7.4696241697e-06 5.8639827209e-07 1.0950280217e+00 2.6242514350e-01
9.5895513084e-02 7.4578182346e-06 5.6669588642e-07 1.0942283272e+00 2.5220584979e-01
1.0046165013e-01 7.4466846001e-06 5.4770306258e-07 1.0933942768e+00 2.4246939908e-01
1.0524520723e-01 7.4361676933e-06 5.2940890519e-07 1.0925268078e+00 2.3319162102e-01
1.1025653700e-01 7.4262152536e-06 5.1179941450e-07 1.0916267718e+00 2.2434914740e-01
1.1550648500e-01 7.4167795000e-06 4.9485859786e-07 1.0906953254e+00 2.1591986068e-01
1.2100641324e-01 7.4078163388e-06 4.7856867286e-07 1.0897337077e+00 2.0788263960e-01
1.2676822470e-01 7.3992853660e-06 4.6291059292e-07 1.0887432776e+00 2.0021740690e-01
1.3280438915e-01 7.3911494629e-06 4.4786434480e-07 1.0877254238e+00 1.9290504023e-01
1.3912797011e-01 7.3833749152e-06 4.3340939358e-07 1.0866816611e+00 1.8592744453e-01
1.4575265314e-01 7.3759307954e-06 4.1952478676e-07 1.0856134757e+00 1.7926739226e-01
1.5269277544e-01 7.3687891517e-06 4.0618953690e-07 1.0845224509e+00 1.7290861167e-01
1.5996335689e-01 7.3619241976e-06 3.9338254442e-07 1.0834100460e+00 1.6683556316e-01
1.6758013255e-01 7.3553128467e-06 3.8108300141e-07 1.0822778477e+00 1.6103360497e-01
1.7555958671e-01 7.3489333689e-06 3.6927004629e-07 1.0811271529e+00 1.5548862320e-01
1.8391898859e-01 7.3427666902e-06 3.5792336043e-07 1.0799594940e+00 1.5018738442e-01
1.9267642969e-01 7.3367951489e-06 3.4702281412e-07 1.0787762491e+00 1.4511719347e-01
2.0185086293e-01 7.3310026605e-06 3.3654858268e-07 1.0775787555e+00 1.4026592498e-01
2.1146214372e-01 7.3253747385e-06 3.2648122041e-07 1.0763683662e+00 1.3562202111e-01
2.2153107288e-01 7.3198985480e-06 3.1680172017e-07 1.0751465171e+00 1.3117448827e-01
2.3207944168e-01 7.3145620140e-06 3.0749129530e-07 1.0739144367e+00 1.2691269223e-01
2.4313007900e-01 7.3093550725e-06 2.9853178481e-07 1.0726736509e+00 1.2282662241e-01
2.5470690074e-01 7.3042685780e-06 2.8990541390e-07 1.0714256070e+00 1.1890666326e-01
2.6683496156e-01 7.2992945833e-06 2.8159493292e-07 1.0701718090e+00 1.1514365907e-01
2.7954050913e-01 7.2944267509e-06 2.7358379446e-07 1.0689139992e+00 1.1152900035e-01
2.9285104090e-01 7.2896590203e-06 2.6585590662e-07 1.0676536786e+00 1.0805439306e-01
3.0679536367e-01 7.2849871007e-06 2.5839603863e-07 1.0663926967e+00 1.0471213337e-01
3.2140365586e-01 7.2804073384e-06 2.5118970661e-07 1.0651328367e+00 1.0149495109e-01
3.3670753289e-01 7.2759170762e-06 2.4422325956e-07 1.0638759772e+00 9.8396061350e-02
3.5274011554e-01 7.2715134350e-06 2.3748375936e-07 1.0626236422e+00 9.5409016517e-02
3.6953610168e-01 7.2671962414e-06 2.3095954574e-07 1.0613781406e+00 9.2528133373e-02
3.8713184134e-01 7.2629636530e-06 2.2463955090e-07 1.0601409070e+00 8.9747895965e-02
4.0556541539e-01 7.2588158082e-06 2.1851378541e-07 1.0589139280e+00 8.7063401471e-02
4.2487671795e-01 7.2547519133e-06 2.1257307863e-07 1.0576986302e+00 8.4470051113e-02
4.4510754272e-01 7.2507721742e-06 2.0680919998e-07 1.0564966492e+00 8.1963723067e-02
4.6630167344e-01 7.2468767783e-06 2.0121472244e-07 1.0553094532e+00 7.9540646345e-02
4.8850497865e-01 7.2430653799e-06 1.9578288121e-07 1.0541381641e+00 7.7197314049e-02
5.1176551095e-01 7.2393376455e-06 1.9050762506e-07 1.0529837815e+00 7.4930536430e-02
5.3613361101e-01 7.2356934804e-06 1.8538352677e-07 1.0518472865e+00 7.2737415672e-02
5.6166201649e-01 7.2321328576e-06 1.8040572409e-07 1.0507295871e+00 7.0615309664e-02
5.8840597622e-01 7.2286546628e-06 1.7556963517e-07 1.0496310944e+00 6.8561660537e-02
6.1642336972e-01 7.2252577241e-06 1.7087096739e-07 1.0485521292e+00 6.6574056006e-02
6.4577483251e-01 7.2219414106e-06 1.6630596903e-07 1.0474931466e+00 6.4650353735e-02
6.7652388729e-01 7.2187039593e-06 1.6187079967e-07 1.0464541257e+00 6.2788354806e-02
7.0873708146e-01 7.2155441787e-06 1.5756196114e-07 1.0454352111e+00 6.0986053585e-02
7.4248413113e-01 7.2124603194e-06 1.5337597968e-07 1.0444362957e+00 5.9241460419e-02
7.7783807197e-01 7.2094505125e-06 1.4930945707e-07 1.0434571908e+00 5.7552642514e-02
8.1487541731e-01 7.2065135281e-06 1.4535911058e-07 1.0424979174e+00 5.5917769846e-02
8.5367632374e-01 7.2036466612e-06 1.4152156581e-07 1.0415579074e+00 5.4334946312e-02
8.9432476453e-01 7.2008488990e-06 1.3779365280e-07 1.0406372056e+00 5.2802453523e-02
9.3690871143e-01 7.1981176950e-06 1.3417205938e-07 1.0397352523e+00 5.1318485826e-02
9.8152032502e-01 7.1954517144e-06 1.3065367763e-07 1.0388519194e+00 4.9881390437e-02
1.0282561542e+00 7.1928491369e-06 1.2723535532e-07 1.0379868738e+00 4.8489504614e-02
1.0772173450e+00 7.1903078316e-06 1.2391395025e-07 1.0371396445e+00 4.7141184057e-02
1.1285098598e+00 7.1878268660e-06 1.2068657056e-07 1.0363101874e+00 4.5834945000e-02
1.1822447063e+00 7.1854042743e-06 1.1755022754e-07 1.0354980527e+00 4.4569252878e-02
1.2385381780e+00 7.1830385506e-06 1.1450205071e-07 1.0347029448e+00 4.3342655201e-02
1.2975121057e+00 7.1807282320e-06 1.1153929989e-07 1.0339245648e+00 4.2153769955e-02
1.3592941214e+00 7.1784722602e-06 1.0865934263e-07 1.0331627488e+00 4.1001286676e-02
1.4240179342e+00 7.1762689150e-06 1.0585958899e-07 1.0324170696e+00 3.9883908270e-02
1.4918236201e+00 7.1741173902e-06 1.0313761513e-07 1.0316874268e+00 3.8800443914e-02
1.5628579248e+00 7.1720161184e-06 1.0049097541e-07 1.0309734233e+00 3.7749687907e-02
1.6372745814e+00 7.1699636623e-06 9.7917304891e-08 1.0302746986e+00 3.6730484347e-02
1.7152346432e+00 7.1679593985e-06 9.5414539405e-08 1.0295911795e+00 3.5741825791e-02
1.7969068319e+00 7.1660019057e-06 9.2980423183e-08 1.0289224902e+00 3.4782624598e-02
1.8824679034e+00 7.1640901624e-06 9.0612930478e-08 1.0282683904e+00 3.3851902374e-02
1.9721030297e+00 7.1622231617e-06 8.8310091866e-08 1.0276286364e+00 3.2948713693e-02
2.0660062001e+00 7.1603992313e-06 8.6069902438e-08 1.0270027306e+00 3.2072095546e-02
2.1643806405e+00 7.1586180687e-06 8.3890549388e-08 1.0263906745e+00 3.1221199699e-02
2.2674392541e+00 7.1568784157e-06 8.1770247384e-08 1.0257921073e+00 3.0395175309e-02
2.3754050811e+00 7.1551791286e-06 7.9707202901e-08 1.0252067054e+00 2.9593181162e-02
2.4885117822e+00 7.1535195543e-06 7.7699784820e-08 1.0246343191e+00 2.8814455968e-02
2.6070041440e+00 7.1518984329e-06 7.5746314099e-08 1.0240745696e+00 2.8058216242e-02
2.7311386088e+00 7.1503151373e-06 7.3845225107e-08 1.0235273060e+00 2.7323741862e-02
2.8611838297e+00 7.1487684381e-06 7.1994981491e-08 1.0229921497e+00 2.6610319038e-02
2.9974212516e+00 7.1472577764e-06 7.0194102109e-08 1.0224689655e+00 2.5917274933e-02
3.1401457209e+00 7.1457821492e-06 6.8441151196e-08 1.0219574494e+00 2.5243951649e-02
3.2896661233e+00 7.1443407804e-06 6.6734764250e-08 1.0214573769e+00 2.4589728430e-02
3.4463060522e+00 7.1429326848e-06 6.5073518808e-08 1.0209684443e+00 2.3953965702e-02
3.6104045092e+00 7.1415573192e-06 6.3456251885e-08 1.0204905036e+00 2.3336132975e-02
3.7823166378e+00 7.1402139362e-06 6.1881509761e-08 1.0200233336e+00 2.2735594680e-02
3.9624144918e+00 7.1389016594e-06 6.0348255618e-08 1.0195666565e+00 2.2151871590e-02
4.1510878407e+00 7.1376197031e-06 5.8855246778e-08 1.0191202293e+00 2.1584415475e-02
4.3487450131e+00 7.1363672628e-06 5.7401295697e-08 1.0186837990e+00 2.1032702918e-02
4.5558137806e+00 7.1351438685e-06 5.5985288257e-08 1.0182572321e+00 2.0496246998e-02
4.7727422833e+00 7.1339488434e-06 5.4606231962e-08 1.0178403156e+00 1.9974606193e-02
5.0000000000e+00 7.1327814738e-06 5.3263077125e-08 1.0174328225e+00 1.9467321541e-02
