5.000000e-02  2.359683e-06
5.238079e-02  2.305434e-06
5.487494e-02  2.252432e-06
5.748785e-02  2.200648e-06
6.022518e-02  2.150055e-06
6.309284e-02  2.100625e-06
6.609706e-02  2.052332e-06
6.924432e-02  2.005149e-06
7.254144e-02  1.959050e-06
7.599555e-02  1.914011e-06
7.961414e-02  1.870008e-06
8.340503e-02  1.827017e-06
8.737642e-02  1.785014e-06
9.153691e-02  1.743976e-06
9.589551e-02  1.703882e-06
1.004617e-01  1.664710e-06
1.052452e-01  1.626438e-06
1.102565e-01  1.589046e-06
1.155065e-01  1.552514e-06
1.210064e-01  1.516821e-06
1.267682e-01  1.481950e-06
1.328044e-01  1.447879e-06
1.391280e-01  1.414593e-06
1.457527e-01  1.382071e-06
1.526928e-01  1.350297e-06
1.599634e-01  1.319254e-06
1.675801e-01  1.288924e-06
1.755596e-01  1.259292e-06
1.839190e-01  1.230341e-06
1.926764e-01  1.202055e-06
2.018509e-01  1.174420e-06
2.114621e-01  1.147420e-06
2.215311e-01  1.121041e-06
2.320794e-01  1.095268e-06
2.431301e-01  1.070087e-06
2.547069e-01  1.045486e-06
2.668350e-01  1.021450e-06
2.795405e-01  9.979672e-07
2.928510e-01  9.750239e-07
3.067954e-01  9.526080e-07
3.214037e-01  9.307075e-07
3.367075e-01  9.093105e-07
3.527401e-01  8.884054e-07
3.695361e-01  8.679810e-07
3.871318e-01  8.480260e-07
4.055654e-01  8.285299e-07
4.248767e-01  8.094819e-07
4.451075e-01  7.908719e-07
4.663017e-01  7.726897e-07
4.885050e-01  7.549256e-07
5.117655e-01  7.375698e-07
5.361336e-01  7.206130e-07
5.616620e-01  7.040461e-07
5.884060e-01  6.878601e-07
6.164234e-01  6.720461e-07
6.457748e-01  6.565958e-07
6.765239e-01  6.415006e-07
7.087371e-01  6.267525e-07
7.424841e-01  6.123434e-07
7.778381e-01  5.982656e-07
8.148754e-01  5.845114e-07
8.536763e-01  5.710735e-07
8.943248e-01  5.579445e-07
9.369087e-01  5.451173e-07
9.815203e-01  5.325851e-07
1.028256e+00  5.203409e-07
1.077217e+00  5.083783e-07
1.128510e+00  4.966906e-07
1.182245e+00  4.852717e-07
1.238538e+00  4.741153e-07
1.297512e+00  4.632153e-07
1.359294e+00  4.525660e-07
1.424018e+00  4.421615e-07
1.491824e+00  4.319962e-07
1.562858e+00  4.220646e-07
1.637275e+00  4.123613e-07
1.715235e+00  4.028811e-07
1.796907e+00  3.936188e-07
1.882468e+00  3.845695e-07
1.972103e+00  3.757282e-07
2.066006e+00  3.670902e-07
2.164381e+00  3.586508e-07
2.267439e+00  3.504054e-07
2.375405e+00  3.423496e-07
2.488512e+00  3.344789e-07
2.607004e+00  3.267893e-07
2.731139e+00  3.192764e-07
2.861184e+00  3.119362e-07
2.997421e+00  3.047648e-07
3.140146e+00  2.977582e-07
3.289666e+00  2.909127e-07
3.446306e+00  2.842246e-07
3.610405e+00  2.776903e-07
3.782317e+00  2.713062e-07
3.962414e+00  2.650688e-07
4.151088e+00  2.589749e-07
4.348745e+00  2.530211e-07
4.555814e+00  2.472041e-07
4.772742e+00  2.415209e-07
5.000000e+00  2.359683e-07
