5.0000000000e-02 1.5515075771e+00 7.8361587053e-01 1.2929229809e+00 6.5301322544e-01
5.2380787639e-02 1.5502091599e+00 7.5159026213e-01 1.2918409666e+00 6.2632521844e-01
5.4874938275e-02 1.5488304398e+00 7.2110193289e-01 1.2906920332e+00 6.0091827741e-01
5.7487849770e-02 1.5473678206e+00 6.9207466616e-01 1.2894731838e+00 5.7672888847e-01
6.0225177013e-02 1.5458224769e+00 6.6444147898e-01 1.2881853974e+00 5.5370123248e-01
6.3092844153e-02 1.5441919637e+00 6.3813171553e-01 1.2868266364e+00 5.3177642960e-01
6.6097057423e-02 1.5424762531e+00 6.1308110455e-01 1.2853968776e+00 5.1090092046e-01
6.9244318570e-02 1.5406765779e+00 5.8922866360e-01 1.2838971483e+00 4.9102388634e-01
7.2541438925e-02 1.5387898581e+00 5.6650951591e-01 1.2823248818e+00 4.7209126326e-01
7.5995554148e-02 1.5368202958e+00 5.4487024938e-01 1.2806835798e+00 4.5405854115e-01
7.9614139667e-02 1.5347690001e+00 5.2425551951e-01 1.2789741667e+00 4.3687959959e-01
8.3405026860e-02 1.5326367399e+00 5.0461162026e-01 1.2771972833e+00 4.2050968355e-01
8.7376420000e-02 1.5304271131e+00 4.8588966549e-01 1.2753559276e+00 4.0490805458e-01
9.1536914015e-02 1.5281419814e+00 4.6804084745e-01 1.2734516512e+00 3.9003403954e-01
9.5895513084e-02 1.5257848411e+00 4.5102020393e-01 1.2714873676e+00 3.7585016994e-01
1.0046165013e-01 1.5233585936e+00 4.3478397625e-01 1.2694654947e+00 3.6231998021e-01
1.0524520723e-01 1.5208670118e+00 4.1929127436e-01 1.2673891765e+00 3.4940939530e-01
1.1025653700e-01 1.5183135340e+00 4.0450277923e-01 1.2652612783e+00 3.3708564936e-01
1.1550648500e-01 1.5157024786e+00 3.9038170993e-01 1.2630853988e+00 3.2531809161e-01
1.2100641324e-01 1.5130369620e+00 3.7689237565e-01 1.2608641350e+00 3.1407697971e-01
1.2676822470e-01 1.5103210838e+00 3.6400128499e-01 1.2586009031e+00 3.0333440416e-01
1.3280438915e-01 1.5075586349e+00 3.5167652829e-01 1.2562988624e+00 2.9306377357e-01
1.3912797011e-01 1.5047533516e+00 3.3988778023e-01 1.2539611263e+00 2.8323981685e-01
1.4575265314e-01 1.5019096425e+00 3.2860650587e-01 1.2515913687e+00 2.7383875489e-01
1.5269277544e-01 1.4990305314e+00 3.1780465865e-01 1.2491921095e+00 2.6483721554e-01
1.5996335689e-01 1.4961204878e+00 3.0745645647e-01 1.2467670731e+00 2.5621371373e-01
1.6758013255e-01 1.4931838301e+00 2.9753721357e-01 1.2443198585e+00 2.4794767798e-01
1.7555958671e-01 1.4902241279e+00 2.8802302556e-01 1.2418534399e+00 2.4001918797e-01
1.8391898859e-01 1.4872457854e+00 2.7889147080e-01 1.2393714878e+00 2.3240955900e-01
1.9267642969e-01 1.4842525206e+00 2.7012108170e-01 1.2368771005e+00 2.2510090141e-01
2.0185086293e-01 1.4812492608e+00 2.6169192241e-01 1.2343743840e+00 2.1807660201e-01
2.1146214372e-01 1.4782406994e+00 2.5358519587e-01 1.2318672495e+00 2.1132099656e-01
2.2153107288e-01 1.4752313487e+00 2.4578298689e-01 1.2293594573e+00 2.0481915574e-01
2.3207944168e-01 1.4722259964e+00 2.3826874892e-01 1.2268549970e+00 1.9855729077e-01
2.4313007900e-01 1.4692286078e+00 2.3102663404e-01 1.2243571731e+00 1.9252219503e-01
2.5470690074e-01 1.4662447077e+00 2.2404272561e-01 1.2218705898e+00 1.8670227134e-01
2.6683496156e-01 1.4632785702e+00 2.1730361512e-01 1.2193988085e+00 1.8108634593e-01
2.7954050913e-01 1.4603344721e+00 2.1079710136e-01 1.2169453935e+00 1.7566425113e-01
2.9285104090e-01 1.4574162626e+00 2.0451189197e-01 1.2145135521e+00 1.7042657664e-01
3.0679536367e-01 1.4545285014e+00 1.9843809703e-01 1.2121070845e+00 1.6536508085e-01
3.2140365586e-01 1.4516743657e+00 1.9256623217e-01 1.2097286381e+00 1.6047186014e-01
3.3670753289e-01 1.4488570328e+00 1.8688785485e-01 1.2073808607e+00 1.5573987904e-01
3.5274011554e-01 1.4460793878e+00 1.8139519069e-01 1.2050661565e+00 1.5116265891e-01
3.6953610168e-01 1.4433439575e+00 1.7608114627e-01 1.2027866312e+00 1.4673428856e-01
3.8713184134e-01 1.4406520236e+00 1.7093900899e-01 1.2005433530e+00 1.4244917415e-01
4.0556541539e-01 1.4380057445e+00 1.6596279211e-01 1.1983381205e+00 1.3830232675e-01
4.2487671795e-01 1.4354061696e+00 1.6114673350e-01 1.1961718080e+00 1.3428894458e-01
4.4510754272e-01 1.4328537014e+00 1.5648537991e-01 1.1940447512e+00 1.3040448326e-01
4.6630167344e-01 1.4303493233e+00 1.5197369876e-01 1.1919577694e+00 1.2664474897e-01
4.8850497865e-01 1.4278927495e+00 1.4760657668e-01 1.1899106246e+00 1.2300548057e-01
5.1176551095e-01 1.4254843278e+00 1.4337943754e-01 1.1879036065e+00 1.1948286462e-01
5.3613361101e-01 1.4231232339e+00 1.3928740413e-01 1.1859360282e+00 1.1607283678e-01
5.6166201649e-01 1.4208095755e+00 1.3532616295e-01 1.1840079795e+00 1.1277180246e-01
5.8840597622e-01 1.4185425096e+00 1.3149119906e-01 1.1821187580e+00 1.0957599922e-01
6.1642336972e-01 1.4163212630e+00 1.2777814890e-01 1.1802677192e+00 1.0648179075e-01
6.4577483251e-01 1.4141455171e+00 1.2418293527e-01 1.1784545975e+00 1.0348577939e-01
6.7652388729e-01 1.4120144518e+00 1.2070137632e-01 1.1766787098e+00 1.0058448027e-01
7.0873708146e-01 1.4099270014e+00 1.1732940606e-01 1.1749391678e+00 9.7774505049e-02
7.4248413113e-01 1.4078830006e+00 1.1406330072e-01 1.1732358338e+00 9.5052750599e-02
7.7783807197e-01 1.4058815935e+00 1.1089924146e-01 1.1715679946e+00 9.2416034551e-02
8.1487541731e-01 1.4039216955e+00 1.0783345154e-01 1.1699347462e+00 8.9861209615e-02
8.5367632374e-01 1.4020030187e+00 1.0486261907e-01 1.1683358490e+00 8.7385515893e-02
8.9432476453e-01 1.4001246606e+00 1.0198328912e-01 1.1667705505e+00 8.4986074263e-02
9.3690871143e-01 1.3982858109e+00 9.9192158976e-02 1.1652381758e+00 8.2660132480e-02
9.8152032502e-01 1.3964859832e+00 9.6486198130e-02 1.1637383194e+00 8.0405165108e-02
1.0282561542e+00 1.3947247310e+00 9.3862499762e-02 1.1622706091e+00 7.8218749802e-02
1.0772173450e+00 1.3930010795e+00 9.1318084799e-02 1.1608342329e+00 7.6098403999e-02
1.1285098598e+00 1.3913144751e+00 8.8850239368e-02 1.1594287292e+00 7.4041866140e-02
1.1822447063e+00 1.3896644251e+00 8.6456423628e-02 1.1580536876e+00 7.2047019690e-02
1.2385381780e+00 1.3880498113e+00 8.4134012031e-02 1.1567081761e+00 7.0111676692e-02
1.2975121057e+00 1.3864707183e+00 8.1880726917e-02 1.1553922653e+00 6.8233939097e-02
1.3592941214e+00 1.3849258460e+00 7.9694059971e-02 1.1541048717e+00 6.6411716642e-02
1.4240179342e+00 1.3834146956e+00 7.7571895601e-02 1.1528455796e+00 6.4643246334e-02
1.4918236201e+00 1.3819368158e+00 7.5512062677e-02 1.1516140131e+00 6.2926718897e-02
1.5628579248e+00 1.3804914851e+00 7.3512528744e-02 1.1504095709e+00 6.1260440620e-02
1.6372745814e+00 1.3790779645e+00 7.1571236139e-02 1.1492316370e+00 5.9642696782e-02
1.7152346432e+00 1.3776956815e+00 6.9686271972e-02 1.1480797346e+00 5.8071893310e-02
1.7969068319e+00 1.3763438727e+00 6.7855808996e-02 1.1469532272e+00 5.6546507497e-02
1.8824679034e+00 1.3750220805e+00 6.6078069151e-02 1.1458517338e+00 5.5065057626e-02
1.9721030297e+00 1.3737297418e+00 6.4351466455e-02 1.1447747849e+00 5.3626222046e-02
2.0660062001e+00 1.3724663844e+00 6.2674252010e-02 1.1437219870e+00 5.2228543342e-02
2.1643806405e+00 1.3712309390e+00 6.1044670165e-02 1.1426924491e+00 5.0870558471e-02
2.2674392541e+00 1.3700232743e+00 5.9461458897e-02 1.1416860619e+00 4.9551215747e-02
2.3754050811e+00 1.3688424154e+00 5.7922953858e-02 1.1407020128e+00 4.8269128215e-02
2.4885117822e+00 1.3676881167e+00 5.6427878990e-02 1.1397400973e+00 4.7023232492e-02
2.6070041440e+00 1.3665598098e+00 5.4974726427e-02 1.1387998415e+00 4.5812272022e-02
2.7311386088e+00 1.3654566222e+00 5.3562321422e-02 1.1378805185e+00 4.4635267851e-02
2.8611838297e+00 1.3643785038e+00 5.2189248401e-02 1.1369820865e+00 4.3491040334e-02
2.9974212516e+00 1.3633243528e+00 5.0854327550e-02 1.1361036273e+00 4.2378606292e-02
3.1401457209e+00 1.3622940114e+00 4.9556370989e-02 1.1352450095e+00 4.1296975824e-02
3.2896661233e+00 1.3612871113e+00 4.8294370029e-02 1.1344059260e+00 4.0245308358e-02
3.4463060522e+00 1.3603024144e+00 4.7066930561e-02 1.1335853453e+00 3.9222442134e-02
3.6104045092e+00 1.3593406302e+00 4.5873388430e-02 1.1327838585e+00 3.8227823692e-02
3.7823166378e+00 1.3584002076e+00 4.4712237428e-02 1.1320001730e+00 3.7260197857e-02
3.9624144918e+00 1.3574811122e+00 4.3582936921e-02 1.1312342601e+00 3.6319114101e-02
4.1510878407e+00 1.3565827880e+00 4.2484159001e-02 1.1304856566e+00 3.5403465835e-02
4.3487450131e+00 1.3557048097e+00 4.1415181204e-02 1.1297540081e+00 3.4512651004e-02
4.5558137806e+00 1.3548466109e+00 4.0375074542e-02 1.1290388424e+00 3.3645895451e-02
4.7727422833e+00 1.3540079750e+00 3.9362988114e-02 1.1283399792e+00 3.2802490095e-02
5.0000000000e+00 1.3531883661e+00 3.8378085450e-02 1.1276569717e+00 3.1981737875e-02
