5.0000000000e-02 1.8957799150e+04 5.7094868249e+03 2.6056726177e+02 -7.8474581164e+01
5.2380787639e-02 1.9790539029e+04 5.7522649728e+03 2.6298814750e+02 -7.6439429312e+01
5.4874938275e-02 2.0663915315e+04 5.7961044474e+03 2.6528582818e+02 -7.4411085467e+01
5.7487849770e-02 2.1579764143e+04 5.8412089222e+03 2.6746400061e+02 -7.2397135410e+01
6.0225177013e-02 2.2539951013e+04 5.8877442781e+03 2.6952762294e+02 -7.0404310941e+01
6.3092844153e-02 2.3546468202e+04 5.9358874307e+03 2.7148144956e+02 -6.8438430355e+01
6.6097057423e-02 2.4601329530e+04 5.9857620048e+03 2.7333142552e+02 -6.6504408210e+01
6.9244318570e-02 2.5706711246e+04 6.0375624719e+03 2.7508251569e+02 -6.4606781378e+01
7.2541438925e-02 2.6864865967e+04 6.0915004500e+03 2.7673993336e+02 -6.2749668307e+01
7.5995554148e-02 2.8078100118e+04 6.1476402825e+03 2.7830999335e+02 -6.0935380917e+01
7.9614139667e-02 2.9348890707e+04 6.2061822539e+03 2.7979770350e+02 -5.9166649924e+01
8.3405026860e-02 3.0679806409e+04 6.2672650211e+03 2.8120842811e+02 -5.7445204239e+01
8.7376420000e-02 3.2073546898e+04 6.3310434591e+03 2.8254720138e+02 -5.5772397636e+01
9.1536914015e-02 3.3532913133e+04 6.3976318230e+03 2.8381919467e+02 -5.4148910493e+01
9.5895513084e-02 3.5056636952e+04 6.4706312645e+03 2.8505110376e+02 -5.2613734355e+01
1.0046165013e-01 3.6656347349e+04 6.5421130022e+03 2.8620529994e+02 -5.1079486895e+01
1.0524520723e-01 3.8331184345e+04 6.6168292631e+03 2.8730408365e+02 -4.9595182110e+01
1.1025653700e-01 4.0084759950e+04 6.6949485239e+03 2.8835005649e+02 -4.8160168290e+01
1.1550648500e-01 4.1920321827e+04 6.7768900526e+03 2.8934869480e+02 -4.6776460821e+01
1.2100641324e-01 4.3841568847e+04 6.8628401598e+03 2.9030376548e+02 -4.5443363288e+01
1.2676822470e-01 4.5852674760e+04 6.9525854451e+03 2.9121771554e+02 -4.4156988900e+01
1.3280438915e-01 4.7957240052e+04 7.0466148106e+03 2.9209599717e+02 -4.2919233416e+01
1.3912797011e-01 5.0159889332e+04 7.1447705187e+03 2.9293995602e+02 -4.1726343287e+01
1.4575265314e-01 5.2464808553e+04 7.2472400858e+03 2.9375381483e+02 -4.0577760234e+01
1.5269277544e-01 5.4876980685e+04 7.3540242545e+03 2.9453859212e+02 -3.9470902431e+01
1.5996335689e-01 5.7401620376e+04 7.4653242604e+03 2.9529498971e+02 -3.8404366222e+01
1.6758013255e-01 6.0043895380e+04 7.5814086084e+03 2.9602503784e+02 -3.7377434558e+01
1.7555958671e-01 6.2809184593e+04 7.7025588110e+03 2.9673077260e+02 -3.6389363145e+01
1.8391898859e-01 6.5703923367e+04 7.8286094374e+03 2.9741103404e+02 -3.5436465718e+01
1.9267642969e-01 6.8733593001e+04 7.9597477457e+03 2.9806976869e+02 -3.4518203774e+01
2.0185086293e-01 7.1904795940e+04 8.0959954952e+03 2.9870720256e+02 -3.3632418181e+01
2.1146214372e-01 7.5224391361e+04 8.2377067550e+03 2.9932350217e+02 -3.2778453785e+01
2.2153107288e-01 7.8699338031e+04 8.3850337704e+03 2.9991989933e+02 -3.1955014453e+01
2.3207944168e-01 8.2334719143e+04 8.5375183340e+03 3.0050587055e+02 -3.1160297940e+01
2.4313007900e-01 8.6144102683e+04 8.6948748514e+03 3.0106138969e+02 -3.0387351245e+01
