5.0000000000e-02 4.9733305876e+05 8.4163424324e+05 2.8037870427e+00 -4.7448347628e+00
5.2380787639e-02 -1.2687084797e+05 1.3211462709e+06 -4.0652698008e-01 -4.2332940337e+00
5.4874938275e-02 -3.4822346305e+05 8.2407997954e+05 -2.5726853924e+00 -6.0883276127e+00
5.7487849770e-02 5.1858519585e+05 8.4813936640e+05 3.2506044471e+00 -5.3163214420e+00
6.0225177013e-02 5.0424541414e+05 8.4117937378e+05 3.4021888124e+00 -5.6755123090e+00
6.3092844153e-02 5.0086485183e+05 8.3392300858e+05 3.5984787490e+00 -5.9913451976e+00
6.6097057423e-02 5.0081305289e+05 8.2790265549e+05 3.8099228346e+00 -6.2982488451e+00
6.9244318570e-02 5.0694033304e+05 8.2948359263e+05 4.0025676871e+00 -6.5492209013e+00
7.2541438925e-02 5.0713145227e+05 8.2419884250e+05 4.2330109929e+00 -6.8795629713e+00
7.5995554148e-02 5.1112821077e+05 8.2684728982e+05 4.4295854902e+00 -7.1656987042e+00
7.9614139667e-02 5.1404442400e+05 8.2854037076e+05 4.6385457978e+00 -7.4764403146e+00
8.3405026860e-02 5.1535340785e+05 8.2268071795e+05 4.9148408448e+00 -7.8457709473e+00
8.7376420000e-02 5.1808842700e+05 8.2507741827e+05 5.1392397204e+00 -8.1844535014e+00
9.1536914015e-02 5.2038060741e+05 8.2683304917e+05 5.3778501444e+00 -8.5448692161e+00
9.5895513084e-02 5.2230595725e+05 8.2810340586e+05 5.6305201501e+00 -8.9270529052e+00
1.0046165013e-01 5.2588468141e+05 8.2197173242e+05 5.9787471733e+00 -9.3449407169e+00
1.0524520723e-01 5.2793738121e+05 8.2381744601e+05 6.2537203642e+00 -9.7585890330e+00
1.1025653700e-01 5.2997004458e+05 8.2501416638e+05 6.5485156000e+00 -1.0194195302e+01
1.1550648500e-01 5.3222883975e+05 8.2571574693e+05 6.8641716373e+00 -1.0649281263e+01
1.2100641324e-01 5.3498304465e+05 8.2608108198e+05 7.2017890511e+00 -1.1120467744e+01
1.2676822470e-01 5.3844972287e+05 8.2616349088e+05 7.5634765158e+00 -1.1604924092e+01
1.3280438915e-01 5.4281902627e+05 8.2584142333e+05 7.9536260538e+00 -1.2100596226e+01
1.3912797011e-01 5.4817680934e+05 8.2477718109e+05 8.3795071362e+00 -1.2607658983e+01
1.4575265314e-01 5.4368271787e+05 8.3013640559e+05 8.6715034295e+00 -1.3240315448e+01
1.5269277544e-01 5.4928149895e+05 8.2730849404e+05 9.1646248112e+00 -1.3803435880e+01
1.5996335689e-01 5.4496899186e+05 8.2914774449e+05 9.5418072346e+00 -1.4517464415e+01
1.6758013255e-01 5.4924836362e+05 8.2244604430e+05 1.0140419355e+01 -1.5184292460e+01
1.7555958671e-01 5.4336641527e+05 8.2208860576e+05 1.0585412436e+01 -1.6015246262e+01
1.8391898859e-01 1.3046807714e+06 2.1599923868e+06 4.0605812446e+00 -6.7225828466e+00
1.9267642969e-01 5.4083375863e+05 8.2725899328e+05 1.1494886106e+01 -1.7582570902e+01
2.0185086293e-01 7.1904694091e+04 8.0959950102e+03 2.9870761551e+02 -3.3632510301e+01
2.1146214372e-01 1.8766958423e+06 2.5279609384e+06 4.3140391489e+00 -5.8111294379e+00
2.2153107288e-01 -9.3336485623e+05 1.9315861201e+06 -4.8413344061e+00 -1.0019076976e+01
2.3207944168e-01 5.5684789806e+05 8.3481155768e+05 1.3829042962e+01 -2.0732133382e+01
2.4313007900e-01 5.5871377676e+05 8.3256375823e+05 1.4560162819e+01 -2.1696733428e+01
2.5470690074e-01 5.6077996794e+05 8.3010903867e+05 1.5336841698e+01 -2.2702756244e+01
2.6683496156e-01 5.6306494896e+05 8.2741375822e+05 1.6163178396e+01 -2.3751498306e+01
2.7954050913e-01 5.6565788932e+05 8.2444551027e+05 1.7044407811e+01 -2.4842198369e+01
2.9285104090e-01 5.6857994177e+05 8.2120264387e+05 1.7984612080e+01 -2.5975258542e+01
3.0679536367e-01 5.7190697698e+05 8.1768263992e+05 1.8988790805e+01 -2.7149178485e+01
3.2140365586e-01 5.6255015852e+05 8.2287949836e+05 1.9608635813e+01 -2.8682854599e+01
3.3670753289e-01 5.6441322823e+05 8.1916069867e+05 2.0693799101e+01 -3.0033929188e+01
3.5274011554e-01 5.6499377055e+05 8.1526479185e+05 2.1827436719e+01 -3.1496171428e+01
3.6953610168e-01 5.6356692144e+05 8.1093304217e+05 2.3011436357e+01 -3.3111833537e+01
3.8713184134e-01 5.5992624322e+05 8.0560207858e+05 2.4267638001e+01 -3.4915419401e+01
4.0556541539e-01 5.6457697070e+05 7.9407674389e+05 2.5990957722e+01 -3.6556246800e+01
4.2487671795e-01 5.6355513973e+05 7.8708816506e+05 2.7533181359e+01 -3.8454162985e+01
4.4510754272e-01 5.7063331373e+05 7.8018225480e+05 2.9293859345e+01 -4.0051200456e+01
4.6630167344e-01 5.8082333952e+05 7.9327309943e+05 3.0191951102e+01 -4.1235365383e+01
4.8850497865e-01 1.7087456937e+05 1.2316090209e+04 3.0646805126e+02 -2.2089232935e+01
5.1176551095e-01 1.7902929752e+05 1.2707520708e+04 3.0648437642e+02 -2.1754297279e+01
5.3613361101e-01 1.8758933640e+05 1.3161082928e+04 3.0646183814e+02 -2.1501060473e+01
5.6166201649e-01 1.9660222936e+05 1.3676921078e+04 3.0636130722e+02 -2.1312471551e+01
5.8840597622e-01 2.0613261895e+05 1.4279046485e+04 3.0612258440e+02 -2.1205467795e+01
6.1642336972e-01 2.1620525538e+05 1.5001628680e+04 3.0575317886e+02 -2.1215005385e+01
6.4577483251e-01 2.2689167203e+05 1.5903472406e+04 3.0519547337e+02 -2.1392005030e+01
6.7652388729e-01 2.3827436354e+05 1.7089253063e+04 3.0438382759e+02 -2.1830683673e+01
7.0873708146e-01 2.5047557508e+05 1.8770070349e+04 3.0320177339e+02 -2.2721251822e+01
7.4248413113e-01 2.6350873247e+05 2.1371037566e+04 3.0164000287e+02 -2.4463552962e+01
7.7783807197e-01 2.7706607320e+05 2.5825016955e+04 2.9991143905e+02 -2.7954407803e+01
8.1487541731e-01 2.8915253289e+05 3.2903126757e+04 2.9979254665e+02 -3.4113870851e+01
8.5367632374e-01 2.9742538770e+05 4.0265135481e+04 3.0371884416e+02 -4.1117136983e+01
8.9432476453e-01 3.0289070689e+05 4.4971634320e+04 3.1130305550e+02 -4.6220656020e+01
9.3690871143e-01 3.0728234088e+05 4.6030994568e+04 3.2134073089e+02 -4.8136945962e+01
9.8152032502e-01 3.1703223744e+05 -4.3188189976e+04 3.2753238388e+02 4.4618588105e+01
1.0282561542e+00 3.1886228419e+05 3.3208067638e+04 3.4376134441e+02 -3.5801192371e+01
1.0772173450e+00 3.3739596382e+05 1.8302815559e+04 3.4302936258e+02 -1.8608412157e+01
1.1285098598e+00 3.6297960284e+05 1.4750785177e+04 3.3446486671e+02 -1.3592001753e+01
1.1822447063e+00 3.8559696530e+05 1.4783492641e+04 3.2989813783e+02 -1.2648042209e+01
1.2385381780e+00 4.0742771481e+05 1.5386894520e+04 3.2710248569e+02 -1.2353335970e+01
