5.0000000000e-02 1.8957729101e+04 5.7094800179e+03 2.6056811611e+02 -7.8475034870e+01
5.2380787639e-02 1.9790476669e+04 5.7522470396e+03 2.6298897481e+02 -7.6439672329e+01
5.4874938275e-02 2.0663526475e+04 5.7991630609e+03 2.6526966562e+02 -7.4447217316e+01
5.7487849770e-02 2.1580406824e+04 5.8424651126e+03 2.6744926953e+02 -7.2406560237e+01
6.0225177013e-02 2.2540776897e+04 5.8883166033e+03 2.6951566230e+02 -7.0405450371e+01
6.3092844153e-02 2.3547231431e+04 5.9361232238e+03 2.7147241298e+02 -6.8436652523e+01
6.6097057423e-02 2.4602313224e+04 5.9854103570e+03 2.7332351298e+02 -6.6495917297e+01
6.9244318570e-02 2.5706500057e+04 6.0361166294e+03 2.7509142636e+02 -6.4593932648e+01
7.2541438925e-02 2.6863656777e+04 6.0917037904e+03 2.7675026810e+02 -6.2756931091e+01
7.5995554148e-02 2.8078787823e+04 6.1486284053e+03 2.7829970793e+02 -6.0941430241e+01
7.9614139667e-02 2.9349295838e+04 6.2056908172e+03 2.7979606836e+02 -5.9160802416e+01
8.3405026860e-02 3.0679596134e+04 6.2671569921e+03 2.8121058941e+02 -5.7445049275e+01
8.7376420000e-02 3.2073590772e+04 6.3310967596e+03 2.8254666545e+02 -5.5772685099e+01
9.1536914015e-02 3.3532910441e+04 6.3975995949e+03 2.8381931629e+02 -5.4148665267e+01
9.5895513084e-02 3.5061139202e+04 6.4671339808e+03 2.8502705703e+02 -5.2574109340e+01
1.0046165013e-01 3.6660550779e+04 6.5398538504e+03 2.8618060864e+02 -5.1051588575e+01
1.0524520723e-01 5.2991794305e+05 8.2427855197e+05 6.2585173817e+00 -9.7350197564e+00
1.1025653700e-01 5.4385099127e+05 8.4860452498e+05 6.3602734971e+00 -9.9243302970e+00
1.1550648500e-01 5.3778584948e+05 8.3300355634e+05 6.8086068990e+00 -1.0546193742e+01
1.2100641324e-01 5.3170959581e+05 8.2531990730e+05 7.1929873620e+00 -1.1164958672e+01
1.2676822470e-01 5.3500815603e+05 8.2397849380e+05 7.5719730786e+00 -1.1661771698e+01
1.3280438915e-01 5.3743484515e+05 8.2583843251e+05 7.9219518177e+00 -1.2173107737e+01
1.3912797011e-01 5.4510230313e+05 8.2116790654e+05 8.4122961281e+00 -1.2672681001e+01
1.4575265314e-01 5.4288018794e+05 8.2497533498e+05 8.7422818590e+00 -1.3285006647e+01
1.5269277544e-01 5.4044138076e+05 8.2528667795e+05 9.1373474401e+00 -1.3953282229e+01
1.5996335689e-01 5.4008154359e+05 8.2371932929e+05 9.5953727117e+00 -1.4634630767e+01
1.6758013255e-01 5.4133405970e+05 8.2190968516e+05 1.0092464545e+01 -1.5323429604e+01
1.7555958671e-01 5.4369231243e+05 8.2013669616e+05 1.0622951644e+01 -1.6024270098e+01
1.8391898859e-01 5.4696198697e+05 8.1845550605e+05 1.1186324759e+01 -1.6738839828e+01
1.9267642969e-01 5.5083743142e+05 8.1660547147e+05 1.1787047884e+01 -1.7474062665e+01
2.0185086293e-01 5.4794938854e+05 8.2106956832e+05 1.2231397912e+01 -1.8328022284e+01
2.1146214372e-01 5.5172185266e+05 8.1837336736e+05 1.2905624121e+01 -1.9143013856e+01
2.2153107288e-01 5.5536478324e+05 8.1338603694e+05 1.3667000428e+01 -2.0016658690e+01
2.3207944168e-01 5.4353931799e+05 8.1908878154e+05 1.4066337482e+01 -2.1197324365e+01
2.4313007900e-01 5.4573148171e+05 8.1781934384e+05 1.4790805945e+01 -2.2165126291e+01
2.5470690074e-01 5.4789051938e+05 8.1642951576e+05 1.5554937599e+01 -2.3178919369e+01
2.6683496156e-01 5.5000806773e+05 8.1496409947e+05 1.6359692502e+01 -2.4240666364e+01
2.7954050913e-01 5.5210549222e+05 8.1343367758e+05 1.7207242538e+01 -2.5351949538e+01
2.9285104090e-01 5.5414640667e+05 8.1181992340e+05 1.8100050875e+01 -2.6516425510e+01
3.0679536367e-01 5.5612724445e+05 8.1012673581e+05 1.9040459170e+01 -2.7736790796e+01
3.2140365586e-01 5.5804998736e+05 8.0837756334e+05 2.0030337591e+01 -2.9015457149e+01
3.3670753289e-01 5.5990083771e+05 8.0652875023e+05 2.1073710639e+01 -3.0356363769e+01
3.5274011554e-01 5.6165769769e+05 8.0456129512e+05 2.2174012688e+01 -3.1763745854e+01
3.6953610168e-01 5.6333957004e+05 8.0244841596e+05 2.3335843684e+01 -3.3240716250e+01
3.8713184134e-01 5.6496141354e+05 8.0018002262e+05 2.4563515001e+01 -3.4790400757e+01
4.0556541539e-01 5.6655622058e+05 7.9774172344e+05 2.5862146170e+01 -3.6415297031e+01
4.2487671795e-01 5.6811333798e+05 7.9513354843e+05 2.7235981552e+01 -3.8119581443e+01
4.4510754272e-01 5.6966319714e+05 7.9234928250e+05 2.8690494121e+01 -3.9905847079e+01
4.6630167344e-01 5.7119703103e+05 7.8939941596e+05 3.0230106832e+01 -4.1778278565e+01
4.8850497865e-01 5.7274058605e+05 7.8627849969e+05 3.1860887392e+01 -4.3739751203e+01
5.1176551095e-01 5.7427733655e+05 7.8297749588e+05 3.3588831826e+01 -4.5795468076e+01
5.3613361101e-01 5.7580768134e+05 7.7950438273e+05 3.5419703431e+01 -4.7949714730e+01
5.6166201649e-01 5.7733386154e+05 7.7583891557e+05 3.7361371810e+01 -5.0207355086e+01
5.8840597622e-01 5.7885606171e+05 7.7199016412e+05 3.9420474034e+01 -5.2573031936e+01
6.1642336972e-01 5.7042970514e+05 7.7803828308e+05 4.0709879815e+01 -5.5526289584e+01
6.4577483251e-01 5.7207039590e+05 7.7402818440e+05 4.2971791301e+01 -5.8142106005e+01
6.7652388729e-01 5.7365176592e+05 7.6976113921e+05 4.5376287766e+01 -6.0888687247e+01
7.0873708146e-01 5.7519226986e+05 7.6523737592e+05 4.7933684374e+01 -6.3771105369e+01
7.4248413113e-01 5.7664498619e+05 7.6041265274e+05 5.0657297239e+01 -6.6800979280e+01
7.7783807197e-01 5.7797755736e+05 7.5524568114e+05 5.3562104752e+01 -6.9989825334e+01
8.1487541731e-01 5.7917784390e+05 7.4971265356e+05 5.6663700235e+01 -7.3347925013e+01
8.5367632374e-01 5.8019496561e+05 7.4373313704e+05 5.9984049397e+01 -7.6891610363e+01
8.9432476453e-01 5.8099518094e+05 7.3725130883e+05 6.3546128397e+01 -8.0636583347e+01
9.3690871143e-01 5.8151629932e+05 7.3015502789e+05 6.7381650229e+01 -8.4604766470e+01
9.8152032502e-01 5.8169513683e+05 7.2231210056e+05 7.1529922440e+01 -8.8821317661e+01
1.0282561542e+00 5.8148405817e+05 7.1354227932e+05 7.6043691825e+01 -9.3313631613e+01
1.0772173450e+00 5.8086342130e+05 7.0361562784e+05 8.0993278074e+01 -9.8109356025e+01
1.1285098598e+00 5.7982967167e+05 6.9224561516e+05 8.6472028966e+01 -1.0323701220e+02
1.1822447063e+00 5.7846262846e+05 6.7910715051e+05 9.2601862630e+01 -1.0871331002e+02
1.2385381780e+00 5.7690433059e+05 6.6386278731e+05 9.9535654596e+01 -1.1453895142e+02
1.2975121057e+00 6.0724984682e+05 6.1847678990e+05 1.1301319139e+02 -1.1510259936e+02
1.3592941214e+00 6.0970823915e+05 5.9831607593e+05 1.2238255562e+02 -1.2009588478e+02
1.4240179342e+00 6.5132459515e+05 5.6037475319e+05 1.3538085224e+02 -1.1647650377e+02
1.4918236201e+00 6.1703650407e+05 5.5563034044e+05 1.4386786783e+02 -1.2955044289e+02
1.5628579248e+00 6.2294575400e+05 5.5507235180e+05 1.5069556072e+02 -1.3427644182e+02
1.6372745814e+00 6.2504550915e+05 5.0151061308e+05 1.7171584759e+02 -1.3777767977e+02
1.7152346432e+00 6.2996462903e+05 4.6704392015e+05 1.8932974591e+02 -1.4036551047e+02
1.7969068319e+00 6.4415725294e+05 4.2970085731e+05 2.0802393475e+02 -1.3876745577e+02
1.8824679034e+00 6.5907299003e+05 3.7967393250e+05 2.3108916145e+02 -1.3312414863e+02
1.9721030297e+00 7.6557450748e+05 2.5430449985e+05 2.4999431094e+02 -8.3041790953e+01
2.0660062001e+00 7.0260160283e+05 1.0802053602e+05 3.0954262047e+02 -4.7590212789e+01
2.1643806405e+00 6.8891287840e+05 7.9002053034e+04 3.3414832661e+02 -3.8318929210e+01
2.2674392541e+00 7.4191786804e+05 5.7667461806e+04 3.2734664606e+02 -2.5443854397e+01
2.3754050811e+00 7.9556381144e+05 8.9039559496e+04 3.1776087747e+02 -3.5563820461e+01
2.4885117822e+00 -1.1216216770e+06 1.4366054472e+05 -2.3521792279e+02 -3.0127391088e+01
2.6070041440e+00 8.3965543610e+05 -2.0037658790e+05 3.1654122151e+02 7.5539855004e+01
2.7311386088e+00 8.1631437038e+05 5.0007369886e+04 3.5917287526e+02 -2.2002909024e+01
2.8611838297e+00 8.9132187535e+05 3.6803179703e+04 3.4531495442e+02 -1.4258247972e+01
2.9974212516e+00 9.3941325308e+05 4.9790305689e+04 3.4285998391e+02 -1.8172091304e+01
3.1401457209e+00 9.8952444934e+05 3.8132443850e+04 3.4144660772e+02 -1.3158031219e+01
3.2896661233e+00 1.0547959302e+06 4.8323378087e+04 3.3536428795e+02 -1.5364047983e+01
3.4463060522e+00 1.0995728691e+06 5.9869851384e+04 3.3673496097e+02 -1.8334639418e+01
3.6104045092e+00 1.1547834361e+06 6.8082282172e+04 3.3573171089e+02 -1.9793651658e+01
3.7823166378e+00 1.1975084772e+06 8.0423831247e+04 3.3881985648e+02 -2.2754904436e+01
3.9624144918e+00 1.2476248554e+06 7.6092866968e+04 3.4096310351e+02 -2.0795401731e+01
4.1510878407e+00 1.3007021907e+06 -4.1890900757e+04 3.4354039121e+02 1.1064190202e+01
4.3487450131e+00 1.6129847727e+06 4.6761731124e+05 2.6799684443e+02 -7.7694449405e+01
4.5558137806e+00 7.5349701811e+05 2.7022804104e+06 4.7001585007e+01 -1.6856266099e+02
4.7727422833e+00 1.4900950586e+06 1.3890653491e+04 3.4511216167e+02 -3.2171326425e+00
5.0000000000e+00 1.9251336474e+06 2.2687702786e+05 2.7603417960e+02 -3.2530632012e+01
