5.0000000000e-02 1.8957727799e+04 5.7094760403e+03 2.6056816122e+02 -7.8474999173e+01
5.2380787639e-02 1.9790474976e+04 5.7522413416e+03 2.6298903438e+02 -7.6439620462e+01
5.4874938275e-02 2.0663531762e+04 5.7992483487e+03 2.6526903797e+02 -7.4448117006e+01
5.7487849770e-02 2.1580412790e+04 5.8423988739e+03 2.6744961982e+02 -7.2405814144e+01
6.0225177013e-02 2.2540549064e+04 5.8882236400e+03 2.6951858208e+02 -7.0405813182e+01
6.3092844153e-02 2.3547162736e+04 5.9361004370e+03 2.7147323485e+02 -6.8436796655e+01
6.6097057423e-02 2.4602308613e+04 5.9853347989e+03 2.7332394410e+02 -6.6495195216e+01
6.9244318570e-02 2.5706500018e+04 6.0361522134e+03 2.7509125725e+02 -6.4594273830e+01
7.2541438925e-02 2.6863451975e+04 6.0920026657e+03 2.7675084343e+02 -6.2760619055e+01
7.5995554148e-02 2.8078679372e+04 6.1484770920e+03 2.7830131122e+02 -6.0940516968e+01
7.9614139667e-02 2.9349214312e+04 6.2057047447e+03 2.7979672532e+02 -5.9161238438e+01
8.3405026860e-02 3.0679569816e+04 6.2671995121e+03 2.8121065847e+02 -5.7445502402e+01
8.7376420000e-02 3.2073583766e+04 6.3310896664e+03 2.8254674629e+02 -5.5772650750e+01
9.1536914015e-02 3.3532926812e+04 6.3975998878e+03 2.8381918654e+02 -5.4148616558e+01
9.5895513084e-02 3.5061063134e+04 6.4670851691e+03 2.8502777630e+02 -5.2573959263e+01
1.0046165013e-01 3.6660555852e+04 6.5398589453e+03 2.8618055772e+02 -5.1051612200e+01
1.0524520723e-01 5.2983689763e+05 8.2430191678e+05 6.2578689105e+00 -9.7357759736e+00
1.1025653700e-01 5.4365539811e+05 8.4874792942e+05 6.3577939351e+00 -9.9257074553e+00
1.1550648500e-01 5.3798676303e+05 8.3304890672e+05 6.8091302491e+00 -1.0543639546e+01
1.2100641324e-01 5.3171023365e+05 8.2531515531e+05 7.1930494647e+00 -1.1164977389e+01
1.2676822470e-01 5.3501101425e+05 8.2397138226e+05 7.5720814801e+00 -1.1661775697e+01
1.3280438915e-01 5.3744938916e+05 8.2583765712e+05 7.9220490856e+00 -1.2172916350e+01
1.3912797011e-01 5.4510297336e+05 8.2118685162e+05 8.4120307164e+00 -1.2672557952e+01
1.4575265314e-01 5.4285814729e+05 8.2497437964e+05 8.7421555564e+00 -1.3285338708e+01
1.5269277544e-01 5.4044823940e+05 8.2529923534e+05 9.1371991876e+00 -1.3953091069e+01
1.5996335689e-01 5.4008718043e+05 8.2371656919e+05 9.5954576115e+00 -1.4634558475e+01
1.6758013255e-01 5.4133299011e+05 8.2190888134e+05 1.0092470438e+01 -1.5323453843e+01
1.7555958671e-01 5.4368646804e+05 8.2012590464e+05 1.0623101388e+01 -1.6024457382e+01
1.8391898859e-01 5.4695855289e+05 8.1845007528e+05 1.1186400513e+01 -1.6738947208e+01
1.9267642969e-01 5.5081528362e+05 8.1661126385e+05 1.1786755435e+01 -1.7474455663e+01
2.0185086293e-01 5.4795236791e+05 8.2107114170e+05 1.2231391000e+01 -1.8327947393e+01
2.1146214372e-01 5.5173785668e+05 8.1836555531e+05 1.2905933913e+01 -1.9142735350e+01
2.2153107288e-01 5.5535144794e+05 8.1338600106e+05 1.3666881766e+01 -2.0016964659e+01
2.3207944168e-01 5.4353598537e+05 8.1908570291e+05 1.4066377384e+01 -2.1197434791e+01
2.4313007900e-01 5.4572970261e+05 8.1780880056e+05 1.4791051309e+01 -2.2165280489e+01
2.5470690074e-01 5.4789034277e+05 8.1643269832e+05 1.5554852085e+01 -2.3178889767e+01
2.6683496156e-01 5.5001818697e+05 8.1497767712e+05 1.6359430583e+01 -2.4240236144e+01
2.7954050913e-01 5.5210740327e+05 8.1343595423e+05 1.7207198588e+01 -2.5351867988e+01
2.9285104090e-01 5.5415137350e+05 8.1182741868e+05 1.8099881985e+01 -2.6516185240e+01
3.0679536367e-01 5.5614080954e+05 8.1014641257e+05 1.9039997425e+01 -2.7736115287e+01
3.2140365586e-01 5.5805780076e+05 8.0838240683e+05 2.0030274451e+01 -2.9015133286e+01
3.3670753289e-01 5.5989974476e+05 8.0653071001e+05 2.1073627149e+01 -3.0356376523e+01
3.5274011554e-01 5.6165183004e+05 8.0455738539e+05 2.2174077735e+01 -3.1764016516e+01
3.6953610168e-01 5.6333945886e+05 8.0244889140e+05 2.3335823597e+01 -3.3240713890e+01
3.8713184134e-01 5.6496939373e+05 8.0018165573e+05 2.4563564207e+01 -3.4790050039e+01
4.0556541539e-01 5.6655216663e+05 7.9774279320e+05 2.5862039097e+01 -3.6415455667e+01
4.2487671795e-01 5.6811603849e+05 7.9513500644e+05 2.7235957381e+01 -3.8119436313e+01
4.4510754272e-01 5.6965767597e+05 7.9235366262e+05 2.8690196447e+01 -3.9906040408e+01
4.6630167344e-01 5.7120035710e+05 7.8940159885e+05 3.0230052143e+01 -4.1778075238e+01
4.8850497865e-01 5.7273901463e+05 7.8627766384e+05 3.1860904840e+01 -4.3739848667e+01
5.1176551095e-01 5.7427762554e+05 7.8298291110e+05 3.3588534807e+01 -4.5795356799e+01
5.3613361101e-01 5.7580952226e+05 7.7950635932e+05 3.5419620504e+01 -4.7949570752e+01
5.6166201649e-01 5.7733165060e+05 7.7584421403e+05 3.7361002281e+01 -5.0207393654e+01
5.8840597622e-01 5.7885511325e+05 7.7199015785e+05 3.9420456344e+01 -5.2573094059e+01
6.1642336972e-01 5.7042925073e+05 7.7803963868e+05 4.0709777795e+01 -5.5526291413e+01
6.4577483251e-01 5.7207027248e+05 7.7402486147e+05 4.2972027197e+01 -5.8142188117e+01
6.7652388729e-01 5.7366563292e+05 7.6976618804e+05 4.5376218619e+01 -6.0887521981e+01
7.0873708146e-01 5.7519433258e+05 7.6523837764e+05 4.7933651968e+01 -6.3770917042e+01
7.4248413113e-01 5.7664141381e+05 7.6041002689e+05 5.0657434696e+01 -6.6801343707e+01
7.7783807197e-01 5.7798197362e+05 7.5524852831e+05 5.3561957009e+01 -6.9989361349e+01
8.1487541731e-01 5.7917734846e+05 7.4970833234e+05 5.6664097064e+01 -7.3348078661e+01
8.5367632374e-01 5.8019960526e+05 7.4373358230e+05 5.9984121467e+01 -7.6891133906e+01
8.9432476453e-01 5.8099908858e+05 7.3724919422e+05 6.3546453189e+01 -8.0636221863e+01
9.3690871143e-01 5.8151339437e+05 7.3015271772e+05 6.7381835806e+01 -8.4605154438e+01
9.8152032502e-01 5.8169412240e+05 7.2231094180e+05 7.1530035060e+01 -8.8821469914e+01
1.0282561542e+00 5.8148659459e+05 7.1354150438e+05 7.6043858034e+01 -9.3313327195e+01
1.0772173450e+00 5.8086049841e+05 7.0361508907e+05 8.0993274646e+01 -9.8109770434e+01
1.1285098598e+00 5.7983195787e+05 6.9224437415e+05 8.6472270967e+01 -1.0323670899e+02
1.1822447063e+00 5.7846320942e+05 6.7910858651e+05 9.2601650467e+01 -1.0871318164e+02
1.2385381780e+00 5.7690669700e+05 6.6385749206e+05 9.9536616227e+01 -1.1453867456e+02
1.2975121057e+00 6.0725262779e+05 6.1847108508e+05 1.1301426240e+02 -1.1510210133e+02
1.3592941214e+00 6.0970461070e+05 5.9831948175e+05 1.2238188584e+02 -1.2009662585e+02
1.4240179342e+00 6.5128144289e+05 5.5824267926e+05 1.3582100868e+02 -1.1641830826e+02
1.4918236201e+00 6.1703693229e+05 5.5562157299e+05 1.4386989045e+02 -1.2955013007e+02
1.5628579248e+00 6.2295218976e+05 5.5518937989e+05 1.5066726186e+02 -1.3427814374e+02
1.6372745814e+00 6.2502996694e+05 5.0158998563e+05 1.7169548559e+02 -1.3778657137e+02
1.7152346432e+00 6.2983689812e+05 4.6714141073e+05 1.8931285709e+02 -1.4041075618e+02
1.7969068319e+00 6.4416521617e+05 4.2972207039e+05 2.0801662210e+02 -1.3876771251e+02
1.8824679034e+00 6.5893973778e+05 3.7964684166e+05 2.3112082037e+02 -1.3315980881e+02
1.9721030297e+00 7.6550661855e+05 2.5436696555e+05 2.4999986638e+02 -8.3071401159e+01
2.0660062001e+00 7.0260123073e+05 1.0802771544e+05 3.0954182668e+02 -4.7593278958e+01
2.1643806405e+00 6.8891278790e+05 7.9004563332e+04 3.3414809373e+02 -3.8320125126e+01
2.2674392541e+00 7.4192621901e+05 5.7641887320e+04 3.2734474893e+02 -2.5432136848e+01
2.3754050811e+00 7.9556725946e+05 8.9056417351e+04 3.1775804570e+02 -3.5570082603e+01
2.4885117822e+00 1.1318809067e+06 2.0625943799e+05 2.2929560528e+02 -4.1783885920e+01
2.6070041440e+00 8.3979201039e+05 -2.0085169642e+05 3.1641437006e+02 7.5676312959e+01
2.7311386088e+00 8.1631462199e+05 5.0008062729e+04 3.5917272818e+02 -2.2003198078e+01
2.8611838297e+00 8.9134893268e+05 3.6809450330e+04 3.4530430762e+02 -1.4259804768e+01
2.9974212516e+00 9.3941310297e+05 4.9793822394e+04 3.4285990272e+02 -1.8173373405e+01
3.1401457209e+00 9.8952752354e+05 3.8132360507e+04 3.4144555230e+02 -1.3157920911e+01
3.2896661233e+00 1.0547986330e+06 4.8321798193e+04 3.3536347814e+02 -1.5363469202e+01
3.4463060522e+00 1.0420742273e+06 -1.1982725552e+05 3.5171780221e+02 4.0443739854e+01
3.6104045092e+00 1.1545589542e+06 6.7963542843e+04 3.3580059043e+02 -1.9767026821e+01
3.7823166378e+00 1.1974660028e+06 8.0412672823e+04 3.3883218874e+02 -2.2753382452e+01
3.9624144918e+00 1.2476272883e+06 7.6100226768e+04 3.4096219909e+02 -2.0797317366e+01
4.1510878407e+00 1.7976197004e+06 -6.7363739386e+05 2.1819251746e+02 8.1765146872e+01
4.3487450131e+00 1.6130775382e+06 4.6739346756e+05 2.6800370800e+02 -7.7654780651e+01
4.5558137806e+00 7.4992148031e+05 2.6998795870e+06 4.6887845996e+01 -1.6880639055e+02
4.7727422833e+00 1.5152193263e+06 3.2258474642e+04 3.3926548330e+02 -7.2228401525e+00
5.0000000000e+00 1.9206912314e+06 2.2956222060e+05 2.7656445561e+02 -3.3055157190e+01
