5.0000000000e-02 4.9117131904e+05 8.4892908908e+05 2.7510823376e+00 -4.7549067552e+00
5.2380787639e-02 -1.2476970744e+05 1.3207848874e+06 -4.0013135697e-01 -4.2357032018e+00
5.4874938275e-02 -3.8071659648e+05 8.5175160963e+05 -2.5863543483e+00 -5.7862764575e+00
5.7487849770e-02 5.1846905822e+05 8.4772589737e+05 3.2525806019e+00 -5.3181511332e+00
6.0225177013e-02 5.0439900461e+05 8.4103360751e+05 3.4035446033e+00 -5.6750615482e+00
6.3092844153e-02 5.0088217213e+05 8.3393945714e+05 3.5984328869e+00 -5.9911798328e+00
6.6097057423e-02 5.0082172978e+05 8.2793081540e+05 3.8097637372e+00 -6.2980909371e+00
6.9244318570e-02 5.0694652658e+05 8.2946695768e+05 4.0027068772e+00 -6.5492372901e+00
7.2541438925e-02 5.0712894684e+05 8.2420577589e+05 4.2329499066e+00 -6.8795555525e+00
7.5995554148e-02 5.1110660246e+05 8.2686068114e+05 4.4293979612e+00 -7.1658143283e+00
7.9614139667e-02 5.1404413525e+05 8.2854091435e+05 4.6385402458e+00 -7.4764404706e+00
8.3405026860e-02 5.1534467912e+05 8.2270029465e+05 4.9146365357e+00 -7.8457643783e+00
8.7376420000e-02 5.1809916739e+05 8.2506409692e+05 5.1394050263e+00 -8.1844149415e+00
9.1536914015e-02 5.2038957332e+05 8.2682478473e+05 5.3779672290e+00 -8.5448226182e+00
9.5895513084e-02 5.2232188258e+05 8.2809604904e+05 5.6306656775e+00 -8.9269321399e+00
1.0046165013e-01 5.2589960842e+05 8.2196865317e+05 5.9788500818e+00 -9.3448013090e+00
1.0524520723e-01 5.2795071336e+05 8.2381677388e+05 6.2537935707e+00 -9.7584488733e+00
1.1025653700e-01 5.2996699203e+05 8.2500132515e+05 6.5486442253e+00 -1.0194295579e+01
1.1550648500e-01 5.3222860720e+05 8.2572072524e+05 6.8641119241e+00 -1.0649257480e+01
1.2100641324e-01 5.3497355467e+05 8.2607793670e+05 7.2017754313e+00 -1.1120601639e+01
1.2676822470e-01 5.3843123081e+05 8.2617439092e+05 7.5632315639e+00 -1.1605099915e+01
1.3280438915e-01 5.4282274213e+05 8.2584942919e+05 7.9535399644e+00 -1.2100499721e+01
1.3912797011e-01 5.4817588261e+05 8.2478048811e+05 8.3794550429e+00 -1.2607652470e+01
1.4575265314e-01 5.4368956278e+05 8.3013644315e+05 8.6715465100e+00 -1.3240215132e+01
1.5269277544e-01 5.4930385236e+05 8.2730754671e+05 9.1647841178e+00 -1.3803098289e+01
1.5996335689e-01 5.4497059442e+05 8.2915083435e+05 9.5417687022e+00 -1.4517417199e+01
1.6758013255e-01 5.4926833015e+05 8.2243873191e+05 1.0140685286e+01 -1.5184003681e+01
1.7555958671e-01 5.4336773718e+05 8.2208393962e+05 1.0585506159e+01 -1.6015258196e+01
1.8391898859e-01 5.9903572973e+07 -1.9677369536e+08 2.8060632454e-02 9.2174707917e-02
1.9267642969e-01 5.4073435284e+05 8.2686197332e+05 1.1501771602e+01 -1.7587892305e+01
2.0185086293e-01 -1.5282808813e+05 2.2471918936e+06 -6.5522946206e-01 -9.6345269614e+00
2.1146214372e-01 1.9010712920e+06 2.4834101706e+06 4.4286778552e+00 -5.7852767934e+00
2.2153107288e-01 1.4652948754e+07 2.1689946184e+08 7.4013198316e-03 -1.0955762662e-01
2.3207944168e-01 5.5685087387e+05 8.3481199094e+05 1.3829061417e+01 -2.0732061016e+01
2.4313007900e-01 5.5867899541e+05 8.3256841900e+05 1.4559706874e+01 -2.1697526187e+01
2.5470690074e-01 5.6077142030e+05 8.3011265607e+05 1.5336662653e+01 -2.2702936186e+01
2.6683496156e-01 5.6304742032e+05 8.2741602867e+05 1.6162933113e+01 -2.3751942457e+01
2.7954050913e-01 5.6563900623e+05 8.2447058773e+05 1.7043498047e+01 -2.4842457287e+01
2.9285104090e-01 5.6853879837e+05 8.2120067895e+05 1.7984212225e+01 -2.5976498581e+01
3.0679536367e-01 5.7188968243e+05 8.1769274936e+05 1.8988278537e+01 -2.7149602728e+01
3.2140365586e-01 5.6255810181e+05 8.2286739409e+05 1.9609129455e+01 -2.8682749752e+01
3.3670753289e-01 5.6444253388e+05 8.1916379279e+05 2.0694075763e+01 -3.0032884789e+01
3.5274011554e-01 5.6500260908e+05 8.1528000565e+05 2.1827006276e+01 -3.1495645354e+01
3.6953610168e-01 5.6354776849e+05 8.1094104154e+05 2.3010857551e+01 -3.3112452630e+01
3.8713184134e-01 5.5996371384e+05 8.0556161594e+05 2.4269847727e+01 -3.4914508334e+01
4.0556541539e-01 5.6453943950e+05 7.9407224450e+05 2.5990585791e+01 -3.6557946799e+01
4.2487671795e-01 5.6357272442e+05 7.8706755799e+05 2.7534411245e+01 -3.8453673998e+01
4.4510754272e-01 5.7063140723e+05 7.8019675023e+05 2.9293120542e+01 -4.0051068276e+01
4.6630167344e-01 5.8041630106e+05 7.9302418121e+05 3.0197894385e+01 -4.1259455368e+01
4.8850497865e-01 1.7088971104e+05 1.2302911018e+04 3.0644456443e+02 -2.2061949693e+01
5.1176551095e-01 1.7902919110e+05 1.2707543593e+04 3.0648455125e+02 -2.1754361799e+01
5.3613361101e-01 1.8758904705e+05 1.3161032024e+04 3.0646231782e+02 -2.1501044130e+01
5.6166201649e-01 1.9660441876e+05 1.3673303028e+04 3.0635870895e+02 -2.1306415640e+01
5.8840597622e-01 2.0613200590e+05 1.4278810764e+04 3.0612353440e+02 -2.1205246604e+01
6.1642336972e-01 2.1620491754e+05 1.5001410458e+04 3.0575369467e+02 -2.1214765718e+01
6.4577483251e-01 2.2689085038e+05 1.5903085415e+04 3.0519664039e+02 -2.1391643746e+01
6.7652388729e-01 2.3827360134e+05 1.7088862472e+04 3.0438486250e+02 -2.1830328768e+01
7.0873708146e-01 2.5047642687e+05 1.8774612263e+04 3.0319993431e+02 -2.2726534692e+01
7.4248413113e-01 2.6350853284e+05 2.1373504748e+04 3.0163977327e+02 -2.4466377071e+01
7.7783807197e-01 2.7706486802e+05 2.5825586157e+04 2.9991260726e+02 -2.7955254428e+01
8.1487541731e-01 2.8915178982e+05 3.2901761199e+04 2.9979361546e+02 -3.4112664324e+01
8.5367632374e-01 2.9742511251e+05 4.0264291306e+04 3.0371934426e+02 -4.1116380689e+01
8.9432476453e-01 3.0288943154e+05 4.4970846891e+04 3.1130454487e+02 -4.6220262465e+01
9.3690871143e-01 3.0729157721e+05 4.6037772978e+04 3.2132941915e+02 -4.8140892713e+01
9.8152032502e-01 3.1720490613e+05 -4.3486551114e+04 3.2727800126e+02 4.4867501275e+01
1.0282561542e+00 3.1886332085e+05 3.3208332932e+04 3.4376019186e+02 -3.5801241955e+01
1.0772173450e+00 3.3739563384e+05 1.8302742259e+04 3.4302970416e+02 -1.8608374362e+01
1.1285098598e+00 3.6297900400e+05 1.4750599845e+04 3.3446543055e+02 -1.3591876317e+01
1.1822447063e+00 3.8559631878e+05 1.4783057412e+04 3.2989871785e+02 -1.2647713291e+01
1.2385381780e+00 4.0742088182e+05 1.5380850750e+04 3.2710832193e+02 -1.2348911171e+01
