5.0000000000e-02 1.8957779442e+04 5.7094766893e+03 2.6056756452e+02 -7.8474614612e+01
5.2380787639e-02 1.9790519593e+04 5.7522481412e+03 2.6298848542e+02 -7.6439378932e+01
5.4874938275e-02 2.0663922852e+04 5.7961225677e+03 2.6528562455e+02 -7.4411233840e+01
5.7487849770e-02 2.1579762064e+04 5.8412145706e+03 2.6746398755e+02 -7.2397208856e+01
6.0225177013e-02 2.2539956573e+04 5.8877409057e+03 2.6952758467e+02 -7.0404243252e+01
6.3092844153e-02 2.3546461018e+04 5.9358654883e+03 2.7148164242e+02 -6.8438246864e+01
6.6097057423e-02 2.4601343358e+04 5.9857654289e+03 2.7333127158e+02 -6.6504371418e+01
6.9244318570e-02 2.5706732034e+04 6.0375884166e+03 2.7508219292e+02 -6.4606930954e+01
7.2541438925e-02 2.6864871087e+04 6.0914884394e+03 2.7673993914e+02 -6.2749533939e+01
7.5995554148e-02 2.8078107875e+04 6.1476350056e+03 2.7830994535e+02 -6.0935301271e+01
7.9614139667e-02 2.9348901553e+04 6.2061814473e+03 2.7979761207e+02 -5.9166601034e+01
8.3405026860e-02 3.0679818250e+04 6.2672659911e+03 2.8120832478e+02 -5.7445169849e+01
8.7376420000e-02 3.2073550658e+04 6.3310361951e+03 2.8254719505e+02 -5.5772325856e+01
9.1536914015e-02 3.3532922488e+04 6.3976366480e+03 2.8381910602e+02 -5.4148919312e+01
9.5895513084e-02 3.5056584541e+04 6.4710084173e+03 2.8505040703e+02 -5.2616751101e+01
1.0046165013e-01 3.6656318873e+04 6.5422167357e+03 2.8620522837e+02 -5.1080323732e+01
1.0524520723e-01 3.8331234262e+04 6.6169086862e+03 2.8730353158e+02 -4.9595617526e+01
