5.0000000000e-02 1.8992050783e+04 5.7587349715e+03 2.5980221960e+02 -7.8776754800e+01
5.2380787639e-02 1.9825443907e+04 5.8018673459e+03 2.6224440301e+02 -7.6745178849e+01
5.4874938275e-02 2.0699543099e+04 5.8460603859e+03 2.6456267373e+02 -7.4719009936e+01
5.7487849770e-02 2.1616163685e+04 5.8914944810e+03 2.6676106247e+02 -7.2705839493e+01
6.0225177013e-02 2.2577193602e+04 5.9383422215e+03 2.6884418620e+02 -7.0712454792e+01
6.3092844153e-02 2.3584602651e+04 5.9867745650e+03 2.7081703156e+02 -6.8744873099e+01
6.6097057423e-02 2.4640445187e+04 6.0369566689e+03 2.7268488933e+02 -6.6808324631e+01
6.9244318570e-02 2.5746872014e+04 6.0890588619e+03 2.7445312943e+02 -6.4907351038e+01
7.2541438925e-02 2.6906126490e+04 6.1432385390e+03 2.7612729817e+02 -6.3045710442e+01
7.5995554148e-02 2.8120559084e+04 6.1996567597e+03 2.7771286904e+02 -6.1226537518e+01
7.9614139667e-02 2.9392627483e+04 6.2584651067e+03 2.7921529374e+02 -5.9452295447e+01
8.3405026860e-02 3.0724901470e+04 6.3198076614e+03 2.8063993926e+02 -5.7724853569e+01
8.7376420000e-02 3.2120084780e+04 6.3838402727e+03 2.8199184403e+02 -5.6045645670e+01
9.1536914015e-02 3.3580997167e+04 6.4506980457e+03 2.8327601298e+02 -5.4415537879e+01
9.5895513084e-02 3.5110599738e+04 6.5205200005e+03 2.8449714298e+02 -5.2835022037e+01
1.0046165013e-01 3.6712003138e+04 6.5934509608e+03 2.8565960885e+02 -5.1304272756e+01
1.0524520723e-01 3.8388459014e+04 6.6696224998e+03 2.8676763000e+02 -4.9823094919e+01
1.1025653700e-01 4.0143385735e+04 6.7491752230e+03 2.8782506877e+02 -4.8391080800e+01
1.1550648500e-01 4.1980358018e+04 6.8322375403e+03 2.8883561743e+02 -4.7007544517e+01
1.2100641324e-01 4.3903143662e+04 6.9189603895e+03 2.8980253238e+02 -4.5671723596e+01
1.2676822470e-01 4.5915678966e+04 7.0094764312e+03 2.9072895921e+02 -4.4382612504e+01
1.3280438915e-01 4.8022096573e+04 7.1039240034e+03 2.9161775966e+02 -4.3139107839e+01
1.3912797011e-01 5.0226735601e+04 7.2024477332e+03 2.9247152657e+02 -4.1940031705e+01
1.4575265314e-01 5.2534147804e+04 7.3051902436e+03 2.9329263693e+02 -4.0784110894e+01
1.5269277544e-01 5.4949108578e+04 7.4122989269e+03 2.9408325045e+02 -3.9670033202e+01
1.5996335689e-01 5.7476643427e+04 7.5239305590e+03 2.9484524198e+02 -3.8596462738e+01
1.6758013255e-01 6.0122005266e+04 7.6402211891e+03 2.9558043355e+02 -3.7561952259e+01
1.7555958671e-01 6.2890737806e+04 7.7613384230e+03 2.9629028436e+02 -3.6565148520e+01
1.8391898859e-01 6.5788672039e+04 7.8874522431e+03 2.9697604840e+02 -3.5604676710e+01
1.9267642969e-01 6.8821902852e+04 8.0187140938e+03 2.9763897398e+02 -3.4679102678e+01
2.0185086293e-01 7.1996889089e+04 8.1553206481e+03 2.9827988077e+02 -3.3787127490e+01
2.1146214372e-01 7.5320402516e+04 8.2974600061e+03 2.9889953863e+02 -3.2927425834e+01
2.2153107288e-01 7.8799587400e+04 8.4453459165e+03 2.9949847643e+02 -3.2098749732e+01
2.3207944168e-01 8.2441970818e+04 8.5992085321e+03 3.0007705401e+02 -3.1299896612e+01
2.4313007900e-01 8.6255497935e+04 8.7593201008e+03 3.0063541389e+02 -3.0529785196e+01
2.5470690074e-01 9.0248555234e+04 8.9259873958e+03 3.0117351587e+02 -2.9787413212e+01
2.6683496156e-01 9.4429985720e+04 9.0995607055e+03 3.0169118566e+02 -2.9071880476e+01
2.7954050913e-01 9.8809171150e+04 9.2804790428e+03 3.0218793809e+02 -2.8382474964e+01
2.9285104090e-01 1.0339599002e+05 9.4692265296e+03 3.0266326032e+02 -2.7718550531e+01
3.0679536367e-01 1.0820094849e+05 9.6664026787e+03 3.0311629892e+02 -2.7079653597e+01
3.2140365586e-01 1.1323519100e+05 9.8727304726e+03 3.0354598235e+02 -2.6465515210e+01
3.3670753289e-01 1.1851055132e+05 1.0089081438e+04 3.0395101751e+02 -2.5876063648e+01
3.5274011554e-01 1.2403962915e+05 1.0316505006e+04 3.0432983548e+02 -2.5311429038e+01
3.6953610168e-01 1.2983588277e+05 1.0556302882e+04 3.0468051081e+02 -2.4772040561e+01
3.8713184134e-01 1.3591374794e+05 1.0810068611e+04 3.0500067316e+02 -2.4258607043e+01
4.0556541539e-01 1.4228875760e+05 1.1079804310e+04 3.0528743361e+02 -2.3772257765e+01
4.2487671795e-01 1.4897769783e+05 1.1368014188e+04 3.0553728950e+02 -2.3314578575e+01
4.4510754272e-01 1.5599892411e+05 1.1677921192e+04 3.0574573559e+02 -2.2887815576e+01
4.6630167344e-01 1.6337254659e+05 1.2013692698e+04 3.0590725453e+02 -2.2495063134e+01
4.8850497865e-01 1.7112095089e+05 1.2380853744e+04 3.0601471797e+02 -2.2140617190e+01
5.1176551095e-01 1.7926939009e+05 1.2786911607e+04 3.0605883472e+02 -2.1830538186e+01
5.3613361101e-01 1.8784686002e+05 1.3242352383e+04 3.0602729107e+02 -2.1573537225e+01
5.6166201649e-01 1.9688739829e+05 1.3762318010e+04 3.0590344047e+02 -2.1382477826e+01
5.8840597622e-01 2.0643207024e+05 1.4369593304e+04 3.0566423574e+02 -2.1277075554e+01
6.1642336972e-01 2.1653180981e+05 1.5100080792e+04 3.0527727347e+02 -2.1288842030e+01
6.4577483251e-01 2.2725201046e+05 1.6014102001e+04 3.0469553434e+02 -2.1471428818e+01
6.7652388729e-01 2.3867736698e+05 1.7220432690e+04 3.0385124313e+02 -2.1922689807e+01
7.0873708146e-01 2.5091084789e+05 1.8933846178e+04 3.0265212709e+02 -2.2838266532e+01
7.4248413113e-01 2.6401504586e+05 2.1616835598e+04 3.0102373815e+02 -2.4647006906e+01
7.7783807197e-01 2.7760909026e+05 2.6230754054e+04 2.9925356387e+02 -2.8275899129e+01
8.1487541731e-01 2.8958434558e+05 3.3493022267e+04 2.9921894537e+02 -3.4607349994e+01
8.5367632374e-01 2.9763597484e+05 4.0883327318e+04 3.0334298985e+02 -4.1667243854e+01
8.9432476453e-01 3.0298387150e+05 4.5485296643e+04 3.1105741200e+02 -4.6697332726e+01
9.3690871143e-01 3.0737916739e+05 4.6309866076e+04 3.2115833526e+02 -4.8385840920e+01
9.8152032502e-01 3.1203188678e+05 4.3019942756e+04 3.3263398658e+02 -4.5860361289e+01
1.0282561542e+00 3.1902329237e+05 3.3594311645e+04 3.4350542016e+02 -3.6172368641e+01
1.0772173450e+00 3.3727589617e+05 1.8828742460e+04 3.4309203528e+02 -1.9153433867e+01
1.1285098598e+00 3.6284773487e+05 1.4988287193e+04 3.3456809962e+02 -1.3820129715e+01
1.1822447063e+00 3.8554558671e+05 1.4942308539e+04 3.2993150852e+02 -1.2786914354e+01
1.2385381780e+00 4.0746849068e+05 1.5541754309e+04 3.2706042386e+02 -1.2474811840e+01
1.2975121057e+00 4.2955177538e+05 1.6371890192e+04 3.2501953498e+02 -1.2387759618e+01
1.3592941214e+00 4.5225034787e+05 1.7348486459e+04 3.2339992863e+02 -1.2405737904e+01
1.4240179342e+00 4.7585212004e+05 1.8475080284e+04 3.2198325043e+02 -1.2501082061e+01
1.4918236201e+00 5.0059863834e+05 1.9794532113e+04 3.2062198459e+02 -1.2677945332e+01
1.5628579248e+00 5.2675289626e+05 2.1393322351e+04 3.1918376796e+02 -1.2963196379e+01
1.6372745814e+00 5.5469413176e+05 2.3449578514e+04 3.1749470058e+02 -1.3422022125e+01
1.7152346432e+00 5.8507505042e+05 2.6233476364e+04 3.1527077359e+02 -1.4136046959e+01
1.7969068319e+00 6.1843662892e+05 3.2845966410e+04 3.1221302077e+02 -1.6582035917e+01
1.8824679034e+00 6.5036588855e+05 4.2811012795e+04 3.1055323389e+02 -2.0442490456e+01
1.9721030297e+00 6.8643983607e+05 5.9072004746e+04 3.0730297633e+02 -2.6445147735e+01
2.0660062001e+00 6.9966314407e+05 9.5506771662e+04 3.1236958179e+02 -4.2639676786e+01
2.1643806405e+00 6.9473655806e+05 7.7493161327e+04 3.3157927201e+02 -3.6985423785e+01
2.2674392541e+00 7.4265832014e+05 5.9464068480e+04 3.2690020555e+02 -2.6174642741e+01
2.3754050811e+00 7.9293089481e+05 8.6407926791e+04 3.1902111935e+02 -3.4764635489e+01
2.4885117822e+00 7.9479067623e+05 1.1264440271e+05 3.3074534798e+02 -4.6876005578e+01
2.6070041440e+00 7.9215951159e+05 9.8484368065e+04 3.4923018746e+02 -4.3417662501e+01
2.7311386088e+00 8.2224686539e+05 5.5130297591e+04 3.5631780175e+02 -2.3890521539e+01
2.8611838297e+00 8.9245130712e+05 3.9177782433e+04 3.4480145427e+02 -1.5136463189e+01
2.9974212516e+00 9.4063507888e+05 5.1790122901e+04 3.4233874180e+02 -1.8848718179e+01
3.1401457209e+00 9.8876140333e+05 4.0933880018e+04 3.4163203994e+02 -1.4143275502e+01
3.2896661233e+00 1.0525094571e+06 4.9148734829e+04 3.3606541761e+02 -1.5693151244e+01
3.4463060522e+00 1.0990172865e+06 6.1954900116e+04 3.3683355532e+02 -1.8988317592e+01
3.6104045092e+00 1.1500431716e+06 6.8415766584e+04 3.3709432760e+02 -2.0053653118e+01
3.7823166378e+00 1.2822653728e+06 -1.0369623107e+05 3.1578607300e+02 2.5537479440e+01
3.9624144918e+00 1.2474368740e+06 7.4456173409e+04 3.4106791039e+02 -2.0357432116e+01
4.1510878407e+00 1.3047583957e+06 7.9036112849e+04 3.4157426910e+02 -2.0690959007e+01
4.3487450131e+00 1.3743291585e+06 7.5764914375e+04 3.3993766211e+02 -1.8740305191e+01
4.5558137806e+00 1.4347189807e+06 9.8435582632e+04 3.4056778227e+02 -2.3366240027e+01
4.7727422833e+00 1.5174721139e+06 4.2044823034e+04 3.3865538367e+02 -9.3831745215e+00
5.0000000000e+00 1.6003864283e+06 5.9970751148e+04 3.3618608084e+02 -1.2597789782e+01
