5.0000000000e-02 1.8991817240e+04 5.7583585557e+03 2.5980773614e+02 -7.8774246894e+01
5.2380787639e-02 1.9825203637e+04 5.8014834822e+03 2.6224981731e+02 -7.6742615673e+01
5.4874938275e-02 2.0699290668e+04 5.8456584690e+03 2.6456811069e+02 -7.4716319592e+01
5.7487849770e-02 2.1615897793e+04 5.8910748675e+03 2.6676651760e+02 -7.2703042101e+01
6.0225177013e-02 2.2576910158e+04 5.9379006628e+03 2.6884971164e+02 -7.0709537743e+01
6.3092844153e-02 2.3584303103e+04 5.9863114647e+03 2.7082259109e+02 -6.8741839640e+01
6.6097057423e-02 2.4640133444e+04 6.0364826791e+03 2.7269037332e+02 -6.6805267878e+01
6.9244318570e-02 2.5746541193e+04 6.0885623347e+03 2.7445865321e+02 -6.4904198424e+01
7.2541438925e-02 2.6905776473e+04 6.1427213780e+03 2.7613283786e+02 -6.3042487844e+01
7.5995554148e-02 2.8120194506e+04 6.1991280947e+03 2.7771833119e+02 -6.1223314401e+01
7.9614139667e-02 2.9392241408e+04 6.2579140331e+03 2.7922077579e+02 -5.9449008564e+01
8.3405026860e-02 3.0724489655e+04 6.3192299796e+03 2.8064547798e+02 -5.7721489860e+01
8.7376420000e-02 3.2119640784e+04 6.3832315129e+03 2.8199748950e+02 -5.6042197784e+01
9.1536914015e-02 3.3580518988e+04 6.4500536763e+03 2.8328177365e+02 -5.4411983515e+01
9.5895513084e-02 3.5110105811e+04 6.5198671763e+03 2.8450277765e+02 -5.2831521828e+01
1.0046165013e-01 3.6711468838e+04 6.5927614435e+03 2.8566537346e+02 -5.1300689391e+01
1.0524520723e-01 3.8387903201e+04 6.6689169948e+03 2.8677331637e+02 -4.9819533857e+01
1.1025653700e-01 4.0142784766e+04 6.7484286233e+03 2.8783089133e+02 -4.8387430942e+01
1.1550648500e-01 4.1979733006e+04 6.8314752191e+03 2.8884135896e+02 -4.7003933675e+01
1.2100641324e-01 4.3902465608e+04 6.9181544031e+03 2.8980842757e+02 -4.5668037580e+01
1.2676822470e-01 4.5914967629e+04 7.0086507746e+03 2.9073481797e+02 -4.4378966433e+01
1.3280438915e-01 4.8021333165e+04 7.1030571761e+03 2.9162372104e+02 -4.3135411450e+01
1.3912797011e-01 5.0225929364e+04 7.2015518109e+03 2.9247749824e+02 -4.1936344111e+01
1.4575265314e-01 5.2533295838e+04 7.3042655494e+03 2.9329862147e+02 -4.0780441858e+01
1.5269277544e-01 5.4948181409e+04 7.4113230484e+03 2.9408941916e+02 -3.9666311689e+01
1.5996335689e-01 5.7475689651e+04 7.5229446582e+03 2.9485127167e+02 -3.8592834860e+01
1.6758013255e-01 6.0120952563e+04 7.6391612052e+03 2.9558674799e+02 -3.7558200956e+01
1.7555958671e-01 6.2889632652e+04 7.7602491995e+03 2.9629658237e+02 -3.6561436587e+01
1.8391898859e-01 6.5787495277e+04 7.8863125216e+03 2.9698242609e+02 -3.5600933212e+01
1.9267642969e-01 6.8820650601e+04 8.0175334867e+03 2.9764541855e+02 -3.4675378531e+01
2.0185086293e-01 7.1995561742e+04 8.1540967020e+03 2.9828637487e+02 -3.3783415071e+01
2.1146214372e-01 7.5319017997e+04 8.2962149139e+03 2.9890597681e+02 -3.2923799176e+01
2.2153107288e-01 7.8798100689e+04 8.4440469391e+03 2.9950504506e+02 -3.2095122051e+01
2.3207944168e-01 8.2440371856e+04 8.5978477662e+03 3.0008377095e+02 -3.1296251117e+01
2.4313007900e-01 8.6253856052e+04 8.7579413655e+03 3.0064198581e+02 -3.0526228093e+01
2.5470690074e-01 9.0246776311e+04 8.9245344707e+03 3.0118028730e+02 -2.9783821270e+01
2.6683496156e-01 9.4428145343e+04 9.0980813821e+03 3.0169785981e+02 -2.9068363795e+01
2.7954050913e-01 9.8807168784e+04 9.2789267201e+03 3.0219483892e+02 -2.8378950637e+01
2.9285104090e-01 1.0339387129e+05 9.4676237005e+03 3.0267021151e+02 -2.7715063111e+01
3.0679536367e-01 1.0819873795e+05 9.6647725688e+03 3.0312320307e+02 -2.7076256835e+01
3.2140365586e-01 1.1323288746e+05 9.8710596358e+03 3.0355283944e+02 -2.6462172323e+01
3.3670753289e-01 1.1850813828e+05 1.0087372081e+04 3.0395785850e+02 -2.5872788654e+01
3.5274011554e-01 1.2403708612e+05 1.0314738318e+04 3.0433670522e+02 -2.5308184615e+01
3.6953610168e-01 1.2983320381e+05 1.0554485432e+04 3.0468740392e+02 -2.4768847039e+01
3.8713184134e-01 1.3591091901e+05 1.0808198783e+04 3.0500760508e+02 -2.4255467110e+01
4.0556541539e-01 1.4228577879e+05 1.1077876888e+04 3.0529438801e+02 -2.3769161427e+01
4.2487671795e-01 1.4897455441e+05 1.1366014909e+04 3.0554428393e+02 -2.3311503768e+01
4.4510754272e-01 1.5599564601e+05 1.1675879077e+04 3.0575268481e+02 -2.2884814202e+01
4.6630167344e-01 1.6336902549e+05 1.2011544069e+04 3.0591436534e+02 -2.2492047496e+01
4.8850497865e-01 1.7111728165e+05 1.2378654936e+04 3.0602177746e+02 -2.2137670430e+01
5.1176551095e-01 1.7926543529e+05 1.2784597351e+04 3.0606607915e+02 -2.1827585325e+01
5.3613361101e-01 1.8784268472e+05 1.3239939029e+04 3.0603457762e+02 -2.1570598580e+01
5.6166201649e-01 1.9688300423e+05 1.3759807044e+04 3.0591074400e+02 -2.1379564104e+01
5.8840597622e-01 2.0642737556e+05 1.4366918642e+04 3.0567166895e+02 -2.1274116319e+01
6.1642336972e-01 2.1652681602e+05 1.5097195634e+04 3.0528481053e+02 -2.1285790801e+01
6.4577483251e-01 2.2724658351e+05 1.6010907271e+04 3.0470333966e+02 -2.1468207975e+01
6.7652388729e-01 2.3867145684e+05 1.7216812393e+04 3.0385935095e+02 -2.1919208557e+01
7.0873708146e-01 2.5090436805e+05 1.8929506180e+04 3.0266064041e+02 -2.2834263539e+01
7.4248413113e-01 2.6400786343e+05 2.1611044735e+04 3.0103289249e+02 -2.4641824004e+01
7.7783807197e-01 2.7760364728e+05 2.6222902549e+04 2.9926091264e+02 -2.8268683879e+01
8.1487541731e-01 2.8958144040e+05 3.3484854322e+04 2.9922379430e+02 -3.4599818095e+01
8.5367632374e-01 2.9763568033e+05 4.0874418785e+04 3.0334572674e+02 -4.1658581584e+01
8.9432476453e-01 3.0298496773e+05 4.5477240421e+04 3.1105876455e+02 -4.6689095919e+01
9.3690871143e-01 3.0737830246e+05 4.6303515653e+04 3.2116115366e+02 -4.8379766517e+01
9.8152032502e-01 3.1203230567e+05 4.3012605362e+04 3.3263567309e+02 -4.5852710364e+01
1.0282561542e+00 3.1902330100e+05 3.3586209144e+04 3.4350722812e+02 -3.6163833708e+01
1.0772173450e+00 3.3728140228e+05 1.8819811079e+04 3.4308748008e+02 -1.9143781765e+01
1.1285098598e+00 3.6285068051e+05 1.4984679544e+04 3.3456566714e+02 -1.3816590620e+01
1.1822447063e+00 3.8554836641e+05 1.4941027048e+04 3.2992922181e+02 -1.2785636917e+01
1.2385381780e+00 4.0746819822e+05 1.5538944561e+04 3.2706082971e+02 -1.2472580984e+01
1.2975121057e+00 4.2955074806e+05 1.6369406070e+04 3.2502045311e+02 -1.2385944622e+01
1.3592941214e+00 4.5224841354e+05 1.7345871626e+04 3.2340145103e+02 -1.2403979506e+01
1.4240179342e+00 4.7584946583e+05 1.8472266997e+04 3.2198518858e+02 -1.2499323420e+01
1.4918236201e+00 5.0059538115e+05 1.9791401389e+04 3.2062422257e+02 -1.2676111133e+01
1.5628579248e+00 5.2674890905e+05 2.1390191315e+04 3.1918632990e+02 -1.2961501285e+01
1.6372745814e+00 5.5469165441e+05 2.3446854654e+04 3.1749624508e+02 -1.3420588272e+01
1.7152346432e+00 5.8507012234e+05 2.6230531020e+04 3.1527356051e+02 -1.4134703847e+01
1.7969068319e+00 6.1842948671e+05 3.2843493057e+04 3.1221673849e+02 -1.6581176194e+01
1.8824679034e+00 6.5035405333e+05 4.2807937848e+04 3.1055902908e+02 -2.0441775594e+01
1.9721030297e+00 6.8642625548e+05 5.9067983143e+04 3.0730927436e+02 -2.6444412481e+01
2.0660062001e+00 6.9963573691e+05 9.5496941030e+04 3.1238254707e+02 -4.2638727702e+01
2.1643806405e+00 6.9473315994e+05 7.7456903554e+04 3.3158466624e+02 -3.6968901147e+01
2.2674392541e+00 7.4266583818e+05 5.9447993713e+04 3.2689806418e+02 -2.6167130713e+01
2.3754050811e+00 7.9293243825e+05 8.6394953019e+04 3.1902163714e+02 -3.4759404488e+01
2.4885117822e+00 7.9480041280e+05 1.1262693755e+05 3.3074347518e+02 -4.6867898060e+01
2.6070041440e+00 7.9216610101e+05 9.8458584457e+04 3.4923015385e+02 -4.3405930339e+01
2.7311386088e+00 8.2226512742e+05 5.5106986885e+04 3.5631130714e+02 -2.3879454296e+01
2.8611838297e+00 8.9246931028e+05 3.9183646143e+04 3.4479432707e+02 -1.5138110351e+01
2.9974212516e+00 9.4064076659e+05 5.1791137032e+04 3.4233664379e+02 -1.8848857778e+01
3.1401457209e+00 9.8877315840e+05 4.0927992497e+04 3.4162816045e+02 -1.4140912573e+01
3.2896661233e+00 1.0525107759e+06 4.9152267875e+04 3.3606489321e+02 -1.5694235188e+01
3.4463060522e+00 1.0984596646e+06 6.1961998675e+04 3.3700321640e+02 -1.9009703789e+01
3.6104045092e+00 1.1500433105e+06 6.8396709084e+04 3.3709494937e+02 -2.0048101646e+01
3.7823166378e+00 1.2823601725e+06 -1.0364640419e+05 3.1576500244e+02 2.5521618476e+01
3.9624144918e+00 1.2473966941e+06 7.4433372388e+04 3.4107956002e+02 -2.0352548652e+01
4.1510878407e+00 1.3046531169e+06 7.9031633403e+04 3.4160177240e+02 -2.0693121947e+01
4.3487450131e+00 1.3743592405e+06 7.5771159154e+04 3.3993009683e+02 -1.8741022513e+01
4.5558137806e+00 1.4342583169e+06 9.8330483247e+04 3.4067955120e+02 -2.3356451559e+01
4.7727422833e+00 1.5174719472e+06 4.2055825335e+04 3.3865528484e+02 -9.3856282051e+00
5.0000000000e+00 1.5351402749e+06 9.9729366971e+04 3.4949173287e+02 -2.2704497987e+01
