5.0000000000e-02 1.0894625399e+00 1.2747971307e-01 1.1023244840e+00 4.5251870378e-01
5.2380787639e-02 1.0856049747e+00 1.2360749708e-01 1.1019510549e+00 4.3324289774e-01
5.4874938275e-02 1.0819868187e+00 1.1977494529e-01 1.1015501546e+00 4.1488251822e-01
5.7487849770e-02 1.0785963453e+00 1.1599489338e-01 1.1011205066e+00 3.9739546802e-01
6.0225177013e-02 1.0754213685e+00 1.1227842000e-01 1.1006608113e+00 3.8074119750e-01
6.3092844153e-02 1.0724496252e+00 1.0863500942e-01 1.1001700828e+00 3.6488124124e-01
6.6097057423e-02 1.0696686362e+00 1.0507251280e-01 1.0996471209e+00 3.4977812840e-01
6.9244318570e-02 1.0670661598e+00 1.0159738104e-01 1.0990910833e+00 3.3539629235e-01
7.2541438925e-02 1.0646301416e+00 9.8214703973e-02 1.0985011872e+00 3.2170144761e-01
7.5995554148e-02 1.0623488783e+00 9.4928354694e-02 1.0978768349e+00 3.0866072969e-01
7.9614139667e-02 1.0602109932e+00 9.1741054514e-02 1.0972174197e+00 2.9624231829e-01
8.3405026860e-02 1.0582057695e+00 8.8654611313e-02 1.0965228802e+00 2.8441618108e-01
8.7376420000e-02 1.0563228483e+00 8.5669879039e-02 1.0957929897e+00 2.7315302288e-01
9.1536914015e-02 1.0545525767e+00 8.2787004376e-02 1.0950280217e+00 2.6242514350e-01
9.5895513084e-02 1.0528858290e+00 8.0005445210e-02 1.0942283272e+00 2.5220584979e-01
1.0046165013e-01 1.0513139958e+00 7.7324061131e-02 1.0933942768e+00 2.4246939908e-01
1.0524520723e-01 1.0498292315e+00 7.4741313945e-02 1.0925268078e+00 2.3319162102e-01
1.1025653700e-01 1.0484241580e+00 7.2255227180e-02 1.0916267718e+00 2.2434914740e-01
1.1550648500e-01 1.0470920297e+00 6.9863543016e-02 1.0906953254e+00 2.1591986068e-01
1.2100641324e-01 1.0458266213e+00 6.7563750952e-02 1.0897337077e+00 2.0788263960e-01
1.2676822470e-01 1.0446222288e+00 6.5353162016e-02 1.0887432776e+00 2.0021740690e-01
1.3280438915e-01 1.0434736118e+00 6.3228950761e-02 1.0877254238e+00 1.9290504023e-01
1.3912797011e-01 1.0423760105e+00 6.1188218094e-02 1.0866816611e+00 1.8592744453e-01
1.4575265314e-01 1.0413250586e+00 5.9228005965e-02 1.0856134757e+00 1.7926739226e-01
1.5269277544e-01 1.0403168099e+00 5.7345351393e-02 1.0845224509e+00 1.7290861167e-01
1.5996335689e-01 1.0393476239e+00 5.5537275563e-02 1.0834100460e+00 1.6683556316e-01
1.6758013255e-01 1.0384142413e+00 5.3800840840e-02 1.0822778477e+00 1.6103360497e-01
1.7555958671e-01 1.0375135943e+00 5.2133102012e-02 1.0811271529e+00 1.5548862320e-01
1.8391898859e-01 1.0366429900e+00 5.0531190518e-02 1.0799594940e+00 1.5018738442e-01
1.9267642969e-01 1.0357999350e+00 4.8992264470e-02 1.0787762491e+00 1.4511719347e-01
2.0185086293e-01 1.0349821584e+00 4.7513525044e-02 1.0775787555e+00 1.4026592498e-01
2.1146214372e-01 1.0341876151e+00 4.6092226920e-02 1.0763683662e+00 1.3562202111e-01
2.2153107288e-01 1.0334144931e+00 4.4725686691e-02 1.0751465171e+00 1.3117448827e-01
2.3207944168e-01 1.0326610877e+00 4.3411252080e-02 1.0739144367e+00 1.2691269223e-01
2.4313007900e-01 1.0319259779e+00 4.2146359142e-02 1.0726736509e+00 1.2282662241e-01
2.5470690074e-01 1.0312078727e+00 4.0928498449e-02 1.0714256070e+00 1.1890666326e-01
2.6683496156e-01 1.0305056501e+00 3.9755234716e-02 1.0701718090e+00 1.1514365907e-01
2.7954050913e-01 1.0298184154e+00 3.8624231802e-02 1.0689139992e+00 1.1152900035e-01
2.9285104090e-01 1.0291453129e+00 3.7533217869e-02 1.0676536786e+00 1.0805439306e-01
3.0679536367e-01 1.0284857369e+00 3.6480042659e-02 1.0663926967e+00 1.0471213337e-01
3.2140365586e-01 1.0278391716e+00 3.5462661351e-02 1.0651328367e+00 1.0149495109e-01
3.3670753289e-01 1.0272052417e+00 3.4479146717e-02 1.0638759772e+00 9.8396061350e-02
3.5274011554e-01 1.0265835409e+00 3.3527672166e-02 1.0626236422e+00 9.5409016517e-02
3.6953610168e-01 1.0259740447e+00 3.2606591515e-02 1.0613781406e+00 9.2528133373e-02
3.8713184134e-01 1.0253764930e+00 3.1714342229e-02 1.0601409070e+00 8.9747895965e-02
4.0556541539e-01 1.0247909052e+00 3.0849514007e-02 1.0589139280e+00 8.7063401471e-02
4.2487671795e-01 1.0242171694e+00 3.0010812153e-02 1.0576986302e+00 8.4470051113e-02
4.4510754272e-01 1.0236553146e+00 2.9197074682e-02 1.0564966492e+00 8.1963723067e-02
4.6630167344e-01 1.0231053673e+00 2.8407253056e-02 1.0553094532e+00 7.9540646345e-02
4.8850497865e-01 1.0225672787e+00 2.7640392230e-02 1.0541381641e+00 7.7197314049e-02
5.1176551095e-01 1.0220410016e+00 2.6895637897e-02 1.0529837815e+00 7.4930536430e-02
5.3613361101e-01 1.0215265227e+00 2.6172223850e-02 1.0518472865e+00 7.2737415672e-02
5.6166201649e-01 1.0210238383e+00 2.5469463640e-02 1.0507295871e+00 7.0615309664e-02
5.8840597622e-01 1.0205327909e+00 2.4786710410e-02 1.0496310944e+00 6.8561660537e-02
6.1642336972e-01 1.0200532152e+00 2.4123358131e-02 1.0485521292e+00 6.6574056006e-02
6.4577483251e-01 1.0195850220e+00 2.3478877140e-02 1.0474931466e+00 6.4650353735e-02
6.7652388729e-01 1.0191279625e+00 2.2852725252e-02 1.0464541257e+00 6.2788354806e-02
7.0873708146e-01 1.0186818685e+00 2.2244408600e-02 1.0454352111e+00 6.0986053585e-02
7.4248413113e-01 1.0182464929e+00 2.1653436759e-02 1.0444362957e+00 5.9241460419e-02
7.7783807197e-01 1.0178215720e+00 2.1079329977e-02 1.0434571908e+00 5.7552642514e-02
8.1487541731e-01 1.0174069321e+00 2.0521624801e-02 1.0424979174e+00 5.5917769846e-02
8.5367632374e-01 1.0170021913e+00 1.9979844835e-02 1.0415579074e+00 5.4334946312e-02
8.9432476453e-01 1.0166072065e+00 1.9453542550e-02 1.0406372056e+00 5.2802453523e-02
9.3690871143e-01 1.0162216184e+00 1.8942250337e-02 1.0397352523e+00 5.1318485826e-02
9.8152032502e-01 1.0158452385e+00 1.8445529423e-02 1.0388519194e+00 4.9881390437e-02
1.0282561542e+00 1.0154778097e+00 1.7962934782e-02 1.0379868738e+00 4.8489504614e-02
1.0772173450e+00 1.0151190313e+00 1.7494022799e-02 1.0371396445e+00 4.7141184057e-02
1.1285098598e+00 1.0147687715e+00 1.7038385208e-02 1.0363101874e+00 4.5834945000e-02
1.1822447063e+00 1.0144267530e+00 1.6595600064e-02 1.0354980527e+00 4.4569252878e-02
1.2385381780e+00 1.0140927629e+00 1.6165262117e-02 1.0347029448e+00 4.3342655201e-02
1.2975121057e+00 1.0137665949e+00 1.5746984511e-02 1.0339245648e+00 4.2153769955e-02
1.3592941214e+00 1.0134480995e+00 1.5340395601e-02 1.0331627488e+00 4.1001286676e-02
1.4240179342e+00 1.0131370339e+00 1.4945129742e-02 1.0324170696e+00 3.9883908270e-02
1.4918236201e+00 1.0128332842e+00 1.4560844740e-02 1.0316874268e+00 3.8800443914e-02
1.5628579248e+00 1.0125366292e+00 1.4187195319e-02 1.0309734233e+00 3.7749687907e-02
1.6372745814e+00 1.0122468659e+00 1.3823847604e-02 1.0302746986e+00 3.6730484347e-02
1.7152346432e+00 1.0119639063e+00 1.3470510176e-02 1.0295911795e+00 3.5741825791e-02
1.7969068319e+00 1.0116875498e+00 1.3126864568e-02 1.0289224902e+00 3.4782624598e-02
1.8824679034e+00 1.0114176522e+00 1.2792624789e-02 1.0282683904e+00 3.3851902374e-02
1.9721030297e+00 1.0111540713e+00 1.2467512797e-02 1.0276286364e+00 3.2948713693e-02
2.0660062001e+00 1.0108965710e+00 1.2151245542e-02 1.0270027306e+00 3.2072095546e-02
2.1643806405e+00 1.0106451086e+00 1.1843567094e-02 1.0263906745e+00 3.1221199699e-02
2.2674392541e+00 1.0103995065e+00 1.1544225401e-02 1.0257921073e+00 3.0395175309e-02
2.3754050811e+00 1.0101596032e+00 1.1252967257e-02 1.0252067054e+00 2.9593181162e-02
2.4885117822e+00 1.0099253065e+00 1.0969562381e-02 1.0246343191e+00 2.8814455968e-02
2.6070041440e+00 1.0096964385e+00 1.0693773729e-02 1.0240745696e+00 2.8058216242e-02
2.7311386088e+00 1.0094729107e+00 1.0425380266e-02 1.0235273060e+00 2.7323741862e-02
2.8611838297e+00 1.0092545496e+00 1.0164165093e-02 1.0229921497e+00 2.6610319038e-02
2.9974212516e+00 1.0090412762e+00 9.9099191029e-03 1.0224689655e+00 2.5917274933e-02
3.1401457209e+00 1.0088329489e+00 9.6624395965e-03 1.0219574494e+00 2.5243951649e-02
3.2896661233e+00 1.0086294582e+00 9.4215339351e-03 1.0214573769e+00 2.4589728430e-02
3.4463060522e+00 1.0084306649e+00 9.1870012971e-03 1.0209684443e+00 2.3953965702e-02
3.6104045092e+00 1.0082364925e+00 8.9586774936e-03 1.0204905036e+00 2.3336132975e-02
3.7823166378e+00 1.0080468353e+00 8.7363572902e-03 1.0200233336e+00 2.2735594680e-02
3.9624144918e+00 1.0078615696e+00 8.5198943103e-03 1.0195666565e+00 2.2151871590e-02
4.1510878407e+00 1.0076805845e+00 8.3091131138e-03 1.0191202293e+00 2.1584415475e-02
4.3487450131e+00 1.0075037665e+00 8.1038460450e-03 1.0186837990e+00 2.1032702918e-02
4.5558137806e+00 1.0073310492e+00 7.9039358138e-03 1.0182572321e+00 2.0496246998e-02
4.7727422833e+00 1.0071623370e+00 7.7092423009e-03 1.0178403156e+00 1.9974606193e-02
5.0000000000e+00 1.0069975291e+00 7.5196173128e-03 1.0174328225e+00 1.9467321541e-02
