5.0000000000e-02 1.2929229809e+00 6.5301322544e-01 1.2929229809e+00 6.5301322544e-01 1.3226001425e+00
5.2380787639e-02 1.2918409666e+00 6.2632521844e-01 1.2918409666e+00 6.2632521844e-01 1.2921935088e+00
5.4874938275e-02 1.2906920332e+00 6.0091827741e-01 1.2906920332e+00 6.0091827741e-01 1.2624859248e+00
5.7487849770e-02 1.2894731838e+00 5.7672888847e-01 1.2894731838e+00 5.7672888847e-01 1.2334613195e+00
6.0225177013e-02 1.2881853974e+00 5.5370123248e-01 1.2881853974e+00 5.5370123248e-01 1.2051039911e+00
6.3092844153e-02 1.2868266364e+00 5.3177642960e-01 1.2868266364e+00 5.3177642960e-01 1.1773985989e+00
6.6097057423e-02 1.2853968776e+00 5.1090092046e-01 1.2853968776e+00 5.1090092046e-01 1.1503301548e+00
6.9244318570e-02 1.2838971483e+00 4.9102388634e-01 1.2838971483e+00 4.9102388634e-01 1.1238840155e+00
7.2541438925e-02 1.2823248818e+00 4.7209126326e-01 1.2823248818e+00 4.7209126326e-01 1.0980458739e+00
7.5995554148e-02 1.2806835798e+00 4.5405854115e-01 1.2806835798e+00 4.5405854115e-01 1.0728017524e+00
7.9614139667e-02 1.2789741667e+00 4.3687959959e-01 1.2789741667e+00 4.3687959959e-01 1.0481379943e+00
8.3405026860e-02 1.2771972833e+00 4.2050968355e-01 1.2771972833e+00 4.2050968355e-01 1.0240412571e+00
8.7376420000e-02 1.2753559276e+00 4.0490805458e-01 1.2753559276e+00 4.0490805458e-01 1.0004985048e+00
9.1536914015e-02 1.2734516512e+00 3.9003403954e-01 1.2734516512e+00 3.9003403954e-01 9.7749700150e-01
9.5895513084e-02 1.2714873676e+00 3.7585016994e-01 1.2714873676e+00 3.7585016994e-01 9.5502430369e-01
1.0046165013e-01 1.2694654947e+00 3.6231998021e-01 1.2694654947e+00 3.6231998021e-01 9.3306825417e-01
1.0524520723e-01 1.2673891765e+00 3.4940939530e-01 1.2673891765e+00 3.4940939530e-01 9.1161697516e-01
1.1025653700e-01 1.2652612783e+00 3.3708564936e-01 1.2652612783e+00 3.3708564936e-01 8.9065886198e-01
1.1550648500e-01 1.2630853988e+00 3.2531809161e-01 1.2630853988e+00 3.2531809161e-01 8.7018257671e-01
1.2100641324e-01 1.2608641350e+00 3.1407697971e-01 1.2608641350e+00 3.1407697971e-01 8.5017704211e-01
1.2676822470e-01 1.2586009031e+00 3.0333440416e-01 1.2586009031e+00 3.0333440416e-01 8.3063143561e-01
1.3280438915e-01 1.2562988624e+00 2.9306377357e-01 1.2562988624e+00 2.9306377357e-01 8.1153518344e-01
1.3912797011e-01 1.2539611263e+00 2.8323981685e-01 1.2539611263e+00 2.8323981685e-01 7.9287795492e-01
1.4575265314e-01 1.2515913687e+00 2.7383875489e-01 1.2515913687e+00 2.7383875489e-01 7.7464965688e-01
1.5269277544e-01 1.2491921095e+00 2.6483721554e-01 1.2491921095e+00 2.6483721554e-01 7.5684042819e-01
1.5996335689e-01 1.2467670731e+00 2.5621371373e-01 1.2467670731e+00 2.5621371373e-01 7.3944063443e-01
1.6758013255e-01 1.2443198585e+00 2.4794767798e-01 1.2443198585e+00 2.4794767798e-01 7.2244086267e-01
1.7555958671e-01 1.2418534399e+00 2.4001918797e-01 1.2418534399e+00 2.4001918797e-01 7.0583191638e-01
1.8391898859e-01 1.2393714878e+00 2.3240955900e-01 1.2393714878e+00 2.3240955900e-01 6.8960481049e-01
1.9267642969e-01 1.2368771005e+00 2.2510090141e-01 1.2368771005e+00 2.2510090141e-01 6.7375076645e-01
2.0185086293e-01 1.2343743840e+00 2.1807660201e-01 1.2343743840e+00 2.1807660201e-01 6.5826120756e-01
2.1146214372e-01 1.2318672495e+00 2.1132099656e-01 1.2318672495e+00 2.1132099656e-01 6.4312775429e-01
2.2153107288e-01 1.2293594573e+00 2.0481915574e-01 1.2293594573e+00 2.0481915574e-01 6.2834221975e-01
2.3207944168e-01 1.2268549970e+00 1.9855729077e-01 1.2268549970e+00 1.9855729077e-01 6.1389660529e-01
2.4313007900e-01 1.2243571731e+00 1.9252219503e-01 1.2243571731e+00 1.9252219503e-01 5.9978309612e-01
2.5470690074e-01 1.2218705898e+00 1.8670227134e-01 1.2218705898e+00 1.8670227134e-01 5.8599405713e-01
2.6683496156e-01 1.2193988085e+00 1.8108634593e-01 1.2193988085e+00 1.8108634593e-01 5.7252202873e-01
2.7954050913e-01 1.2169453935e+00 1.7566425113e-01 1.2169453935e+00 1.7566425113e-01 5.5935972285e-01
2.9285104090e-01 1.2145135521e+00 1.7042657664e-01 1.2145135521e+00 1.7042657664e-01 5.4650001893e-01
3.0679536367e-01 1.2121070845e+00 1.6536508085e-01 1.2121070845e+00 1.6536508085e-01 5.3393596016e-01
3.2140365586e-01 1.2097286381e+00 1.6047186014e-01 1.2097286381e+00 1.6047186014e-01 5.2166074964e-01
3.3670753289e-01 1.2073808607e+00 1.5573987904e-01 1.2073808607e+00 1.5573987904e-01 5.0966774673e-01
3.5274011554e-01 1.2050661565e+00 1.5116265891e-01 1.2050661565e+00 1.5116265891e-01 4.9795046347e-01
3.6953610168e-01 1.2027866312e+00 1.4673428856e-01 1.2027866312e+00 1.4673428856e-01 4.8650256105e-01
3.8713184134e-01 1.2005433530e+00 1.4244917415e-01 1.2005433530e+00 1.4244917415e-01 4.7531784640e-01
4.0556541539e-01 1.1983381205e+00 1.3830232675e-01 1.1983381205e+00 1.3830232675e-01 4.6439026881e-01
4.2487671795e-01 1.1961718080e+00 1.3428894458e-01 1.1961718080e+00 1.3428894458e-01 4.5371391670e-01
4.4510754272e-01 1.1940447512e+00 1.3040448326e-01 1.1940447512e+00 1.3040448326e-01 4.4328301438e-01
4.6630167344e-01 1.1919577694e+00 1.2664474897e-01 1.1919577694e+00 1.2664474897e-01 4.3309191896e-01
4.8850497865e-01 1.1899106246e+00 1.2300548057e-01 1.1899106246e+00 1.2300548057e-01 4.2313511724e-01
5.1176551095e-01 1.1879036065e+00 1.1948286462e-01 1.1879036065e+00 1.1948286462e-01 4.1340722283e-01
5.3613361101e-01 1.1859360282e+00 1.1607283678e-01 1.1859360282e+00 1.1607283678e-01 4.0390297313e-01
5.6166201649e-01 1.1840079795e+00 1.1277180246e-01 1.1840079795e+00 1.1277180246e-01 3.9461722653e-01
5.8840597622e-01 1.1821187580e+00 1.0957599922e-01 1.1821187580e+00 1.0957599922e-01 3.8554495964e-01
6.1642336972e-01 1.1802677192e+00 1.0648179075e-01 1.1802677192e+00 1.0648179075e-01 3.7668126455e-01
6.4577483251e-01 1.1784545975e+00 1.0348577939e-01 1.1784545975e+00 1.0348577939e-01 3.6802134620e-01
6.7652388729e-01 1.1766787098e+00 1.0058448027e-01 1.1766787098e+00 1.0058448027e-01 3.5956051973e-01
7.0873708146e-01 1.1749391678e+00 9.7774505049e-02 1.1749391678e+00 9.7774505049e-02 3.5129420803e-01
7.4248413113e-01 1.1732358338e+00 9.5052750599e-02 1.1732358338e+00 9.5052750599e-02 3.4321793919e-01
7.7783807197e-01 1.1715679946e+00 9.2416034551e-02 1.1715679946e+00 9.2416034551e-02 3.3532734411e-01
8.1487541731e-01 1.1699347462e+00 8.9861209615e-02 1.1699347462e+00 8.9861209615e-02 3.2761815415e-01
8.5367632374e-01 1.1683358490e+00 8.7385515893e-02 1.1683358490e+00 8.7385515893e-02 3.2008619880e-01
8.9432476453e-01 1.1667705505e+00 8.4986074263e-02 1.1667705505e+00 8.4986074263e-02 3.1272740342e-01
9.3690871143e-01 1.1652381758e+00 8.2660132480e-02 1.1652381758e+00 8.2660132480e-02 3.0553778706e-01
9.8152032502e-01 1.1637383194e+00 8.0405165108e-02 1.1637383194e+00 8.0405165108e-02 2.9851346029e-01
1.0282561542e+00 1.1622706091e+00 7.8218749802e-02 1.1622706091e+00 7.8218749802e-02 2.9165062309e-01
1.0772173450e+00 1.1608342329e+00 7.6098403999e-02 1.1608342329e+00 7.6098403999e-02 2.8494556281e-01
1.1285098598e+00 1.1594287292e+00 7.4041866140e-02 1.1594287292e+00 7.4041866140e-02 2.7839465215e-01
1.1822447063e+00 1.1580536876e+00 7.2047019690e-02 1.1580536876e+00 7.2047019690e-02 2.7199434721e-01
1.2385381780e+00 1.1567081761e+00 7.0111676692e-02 1.1567081761e+00 7.0111676692e-02 2.6574118556e-01
1.2975121057e+00 1.1553922653e+00 6.8233939097e-02 1.1553922653e+00 6.8233939097e-02 2.5963178435e-01
1.3592941214e+00 1.1541048717e+00 6.6411716642e-02 1.1541048717e+00 6.6411716642e-02 2.5366283855e-01
1.4240179342e+00 1.1528455796e+00 6.4643246334e-02 1.1528455796e+00 6.4643246334e-02 2.4783111906e-01
1.4918236201e+00 1.1516140131e+00 6.2926718897e-02 1.1516140131e+00 6.2926718897e-02 2.4213347105e-01
1.5628579248e+00 1.1504095709e+00 6.1260440620e-02 1.1504095709e+00 6.1260440620e-02 2.3656681221e-01
1.6372745814e+00 1.1492316370e+00 5.9642696782e-02 1.1492316370e+00 5.9642696782e-02 2.3112813109e-01
1.7152346432e+00 1.1480797346e+00 5.8071893310e-02 1.1480797346e+00 5.8071893310e-02 2.2581448549e-01
1.7969068319e+00 1.1469532272e+00 5.6546507497e-02 1.1469532272e+00 5.6546507497e-02 2.2062300083e-01
1.8824679034e+00 1.1458517338e+00 5.5065057626e-02 1.1458517338e+00 5.5065057626e-02 2.1555086862e-01
1.9721030297e+00 1.1447747849e+00 5.3626222046e-02 1.1447747849e+00 5.3626222046e-02 2.1059534494e-01
2.0660062001e+00 1.1437219870e+00 5.2228543342e-02 1.1437219870e+00 5.2228543342e-02 2.0575374897e-01
2.1643806405e+00 1.1426924491e+00 5.0870558471e-02 1.1426924491e+00 5.0870558471e-02 2.0102346149e-01
2.2674392541e+00 1.1416860619e+00 4.9551215747e-02 1.1416860619e+00 4.9551215747e-02 1.9640192353e-01
2.3754050811e+00 1.1407020128e+00 4.8269128215e-02 1.1407020128e+00 4.8269128215e-02 1.9188663492e-01
2.4885117822e+00 1.1397400973e+00 4.7023232492e-02 1.1397400973e+00 4.7023232492e-02 1.8747515299e-01
2.6070041440e+00 1.1387998415e+00 4.5812272022e-02 1.1387998415e+00 4.5812272022e-02 1.8316509122e-01
2.7311386088e+00 1.1378805185e+00 4.4635267851e-02 1.1378805185e+00 4.4635267851e-02 1.7895411795e-01
2.8611838297e+00 1.1369820865e+00 4.3491040334e-02 1.1369820865e+00 4.3491040334e-02 1.7483995514e-01
2.9974212516e+00 1.1361036273e+00 4.2378606292e-02 1.1361036273e+00 4.2378606292e-02 1.7082037710e-01
3.1401457209e+00 1.1352450095e+00 4.1296975824e-02 1.1352450095e+00 4.1296975824e-02 1.6689320934e-01
3.2896661233e+00 1.1344059260e+00 4.0245308358e-02 1.1344059260e+00 4.0245308358e-02 1.6305632733e-01
3.4463060522e+00 1.1335853453e+00 3.9222442134e-02 1.1335853453e+00 3.9222442134e-02 1.5930765540e-01
3.6104045092e+00 1.1327838585e+00 3.8227823692e-02 1.1327838585e+00 3.8227823692e-02 1.5564516560e-01
3.7823166378e+00 1.1320001730e+00 3.7260197857e-02 1.1320001730e+00 3.7260197857e-02 1.5206687660e-01
3.9624144918e+00 1.1312342601e+00 3.6319114101e-02 1.1312342601e+00 3.6319114101e-02 1.4857085261e-01
4.1510878407e+00 1.1304856566e+00 3.5403465835e-02 1.1304856566e+00 3.5403465835e-02 1.4515520237e-01
4.3487450131e+00 1.1297540081e+00 3.4512651004e-02 1.1297540081e+00 3.4512651004e-02 1.4181807807e-01
4.5558137806e+00 1.1290388424e+00 3.3645895451e-02 1.1290388424e+00 3.3645895451e-02 1.3855767440e-01
4.7727422833e+00 1.1283399792e+00 3.2802490095e-02 1.1283399792e+00 3.2802490095e-02 1.3537222754e-01
5.0000000000e+00 1.1276569717e+00 3.1981737875e-02 1.1276569717e+00 3.1981737875e-02 1.3226001425e-01
